ANIMAL	SOCNEST	GENNEST	YEAR	UNIT	EXP	SOCMOM	SOCDAD	GENMOM	GENDAD	SWAP	HATCH	BROODBAND	BDATE	AGEBAND	TIMEDAY	BASELATENCY	BASECORT	STRESSLATENCY	STRESSCORT	SLOPE	HEADBILL	FLATWING	MASS	SBMI	SEX	WPO	FATE															
240151579	2132	2132	2013	2	1	240151507	240151541	240151507	240151541	1	151	3	163	12	11.983	37	0.86	31	1.89	1.04	22.30	32.00	14.40	21.836	1	1	1															
240151580	2132	2132	2013	2	1	240151507	240151541	240151507	240151541	1	151	3	163	12	11.983	41	2.43	31	3.29	0.86	22.70	32.50	16.25	24.262	2	1	1															
259122401	2132	2132	2013	2	1	240151507	240151541	240151507	240151541	1	151	3	163	12	11.983	37	13.79	31	2.83	-10.96	23.00	34.00	15.00	21.406	2	1	1															
240151573	2134	2134	2013	2	1	240151516	240151537	240151516	NA	1	150	6	162	12	12.483	27	57.39	NA	NA	NA	23.40	36.00	14.00	18.868	2	2	2															
240151574	2134	2134	2013	2	1	240151516	240151537	240151516	NA	1	150	6	162	12	12.483	60	20.15	NA	NA	NA	22.28	33.50	14.70	21.292	2	2	2															
240151575	2134	2134	2013	2	1	240151516	240151537	240151516	NA	1	150	6	162	12	12.483	99	66.37	NA	NA	NA	22.39	31.00	10.20	15.966	2	2	2															
240151576	2134	2134	2013	2	1	240151516	240151537	240151516	240151538	1	150	6	162	12	12.483	46	22.94	NA	NA	NA	22.40	33.00	16.50	24.261	1	2	2															
240151596	2134	2134	2013	2	1	240151516	240151537	240151516	240151537	1	150	6	162	12	12.483	120	51.32	NA	NA	NA	22.90	30.50	13.65	21.717	1	1	2															
259122452	2138	2138	2013	2	1	240150429	240151555	240150429	240151555	1	156	3	168	12	13.200	60	1.90	33	26.95	25.05	25.25	46.30	17.25	18.072	2	1	1															
259122453	2138	2138	2013	2	1	240150429	240151555	240150429	240151555	1	156	3	168	12	13.200	60	3.98	30	9.83	5.85	25.30	49.30	21.25	20.906	1	1	1															
259122454	2138	2138	2013	2	1	240150429	240151555	240150429	240151555	1	156	3	168	12	13.200	161	NA	30	18.73	NA	24.10	48.80	19.80	19.680	1	1	1															
240151581	2139	2139	2013	2	1	240150566	240150342	240150566	240150677	1	151	6	163	12	12.217	46	3.43	34	1.77	-1.66	23.90	41.00	13.75	16.269	1	2	1															
240151582	2139	2139	2013	2	1	240150566	240150342	240150566	240150677	1	151	6	163	12	12.217	89	3.36	34	15.42	12.06	25.80	42.50	16.20	18.491	2	2	1															
240151583	2139	2139	2013	2	1	240150566	240150342	240150566	240150677	1	151	6	163	12	12.217	58	0.83	37	NA	NA	24.00	43.00	17.25	19.460	2	2	1															
240151584	2139	2139	2013	2	1	240150566	240150342	240150566	240150677	1	151	6	163	12	12.217	54	0.61	32	1.05	0.44	24.10	45.00	15.00	16.169	2	2	1															
240151585	2139	2139	2013	2	1	240150566	240150342	240150566	240150342	1	151	6	163	12	12.217	77	2.47	34	5.73	3.26	23.19	41.50	13.40	15.664	1	1	1															
240151595	2139	2139	2013	2	1	240150566	240150342	240150566	240150342	1	151	6	163	12	12.217	65	4.41	34	2.51	-1.90	23.65	35.50	12.80	17.494	2	1	1															
240151565	21311	21311	2013	2	1	240150120	NA	240150120	NA	1	149	3	161	12	12.800	61	17.17	32	73.41	56.24	25.70	52.00	22.25	20.752	1	NA	1															
240151566	21311	21311	2013	2	1	240150120	NA	240150120	NA	1	149	3	161	12	12.800	62	2.24	34	37.71	35.47	25.10	51.50	20.50	19.306	2	NA	1															
240151567	21311	21311	2013	2	1	240150120	NA	240150120	NA	1	149	3	161	12	12.800	75	5.25	31	46.88	41.63	25.62	46.00	21.45	22.619	1	NA	1															
259122403	21317	21317	2013	2	1	222153336	240151535	222153336	240151535	1	150	6	163	13	13.817	63	0.64	30	2.87	2.23	25.08	48.50	19.40	19.401	2	1	1															
259122404	21317	21317	2013	2	1	222153336	240151535	222153336	240151535	1	150	6	163	13	13.817	40	1.62	30	1.07	-0.55	25.50	44.50	21.00	22.891	2	1	1															
259122405	21317	21317	2013	2	1	222153336	240151535	222153336	240151535	1	150	6	163	13	13.817	134	1.85	31	1.06	-0.79	25.65	47.50	18.40	18.789	2	1	1															
259122406	21317	21317	2013	2	1	222153336	240151535	222153336	240151535	1	150	6	163	13	13.817	47	NA	30	1.20	NA	25.92	39.20	14.55	18.007	1	1	1															
259122407	21317	21317	2013	2	1	222153336	240151535	222153336	240151535	1	150	6	163	13	13.817	40	0.61	31	0.61	0.00	24.10	36.50	12.50	16.616	1	1	1															
259122408	21317	21317	2013	2	1	222153336	240151535	222153336	240151535	1	150	6	163	13	13.817	83	0.61	31	0.61	0.00	24.50	41.00	14.75	17.452	2	1	1															
259122409	21320	21320	2013	2	1	222154531	240151540	222154531	NA	1	151	4	163	12	14.067	53	3.07	33	0.83	-2.24	23.80	41.00	18.20	21.534	2	2	2															
259122410	21320	21320	2013	2	1	222154531	240151540	222154531	NA	1	151	4	163	12	14.067	67	9.83	31	5.66	-4.17	25.10	47.50	17.85	18.228	1	2	2															
259122411	21320	21320	2013	2	1	222154531	240151540	222154531	NA	1	151	4	163	12	14.067	67	100.19	32	97.04	-3.15	23.52	35.50	13.10	17.904	2	2	2															
259122412	21320	21320	2013	2	1	222154531	240151540	222154531	NA	1	151	4	163	12	14.067	75	17.41	32	11.87	-5.54	24.60	47.00	17.50	18.060	2	2	2															
259122519	21321	21321	2013	2	1	259122510	NA	259122510	NA	1	190	4	202	12	12.533	47	2.60	31	54.12	51.52	24.15	46.50	18.50	19.298	NA	NA	1															
259122520	21321	21321	2013	2	1	259122510	NA	259122510	NA	1	190	4	202	12	12.533	108	6.95	32	55.77	48.82	24.50	51.00	19.00	18.069	NA	NA	1															
259122521	21321	21321	2013	2	1	259122510	NA	259122510	NA	1	190	4	202	12	12.533	55	5.16	31	152.77	147.61	24.90	54.00	19.25	17.289	NA	NA	1															
259122522	21321	21321	2013	2	1	259122510	NA	259122510	NA	1	190	4	202	12	12.533	176	22.85	34	78.14	55.28	25.40	53.50	17.50	15.864	NA	NA	1															
259122472	21324	21324	2013	2	1	240151525	240151578	240151525	240150315	1	158	5	171	13	12.250	27	11.30	32	2.40	-8.91	23.49	39.40	17.70	21.794	1	2	1															
259122473	21324	21324	2013	2	1	240151525	240151578	240151525	240151578	1	158	5	171	13	12.250	34	6.35	32	2.90	-3.45	23.43	31.20	15.50	24.107	2	1	1															
259122474	21324	21324	2013	2	1	240151525	240151578	240151525	240151578	1	158	5	171	13	12.250	36	3.30	32	0.61	-2.69	23.19	38.00	18.50	23.619	2	1	1															
259122475	21324	21324	2013	2	1	240151525	240151578	240151525	240150338	1	158	5	171	13	12.250	38	4.78	34	2.85	-1.93	22.90	29.00	16.25	27.193	1	2	1															
259122447	21325	21325	2013	2	1	222153369	239159553	222153369	239159553	1	156	6	168	12	12.550	85	2.91	32	9.54	6.64	25.32	45.00	20.00	21.559	2	1	1															
259122448	21325	21325	2013	2	1	222153369	239159553	222153369	240150315	1	156	6	168	12	12.550	62	4.37	31	4.59	0.22	24.73	46.20	20.10	21.103	2	2	1															
259122449	21325	21325	2013	2	1	222153369	239159553	222153369	239159553	1	156	6	168	12	12.550	87	2.80	30	4.39	1.59	23.40	37.00	15.75	20.652	2	1	1															
259122450	21325	21325	2013	2	1	222153369	239159553	222153369	240150315	1	156	6	168	12	12.550	47	4.59	30	4.27	-0.32	24.71	46.80	18.25	18.915	2	2	1															
259122451	21325	21325	2013	2	1	222153369	239159553	222153369	239159553	1	156	6	168	12	12.550	40	1.50	32	1.44	-0.06	26.00	42.50	21.80	24.883	1	1	1															
259122499	21325	21325	2013	2	1	222153369	239159553	222153369	239159553	1	156	6	168	12	12.550	100	2.25	32	4.92	2.68	24.75	44.50	19.30	21.038	2	1	1															
259122402	21329	21329	2013	2	1	240151502	240150315	240151502	240151542	1	151	1	163	12	13.417	101	1.45	35	2.42	0.97	23.10	38.00	18.40	23.492	2	2	1															
240151586	21334	21334	2013	2	1	222154169	240150677	222154169	240150677	1	150	4	163	13	12.633	64	0.61	37	5.17	4.56	24.00	41.00	17.30	20.470	2	1	2															
240151587	21334	21334	2013	2	1	222154169	240150677	222154169	240150677	1	150	4	163	13	12.633	51	2.07	37	12.09	10.02	24.20	41.00	16.50	19.523	2	1	1															
240151588	21334	21334	2013	2	1	222154169	240150677	222154169	240150677	1	150	4	163	13	12.633	50	3.28	36	1.58	-1.70	23.80	43.00	16.60	18.727	2	1	1															
240151589	21334	21334	2013	2	1	222154169	240150677	222154169	222154542	1	150	4	163	13	12.633	68	1.06	36	1.38	0.32	25.10	42.00	17.75	20.501	1	2	2															
240151590	21335	21335	2013	2	1	240151509	240151538	240151509	240151538	1	151	6	163	12	13.067	47	40.64	30	40.87	0.22	24.22	30.90	13.50	21.200	1	1	1															
240151591	21335	21335	2013	2	1	240151509	240151538	240151509	240151538	1	151	6	163	12	13.067	32	21.70	33	11.04	-10.66	25.40	39.00	17.25	21.458	1	1	1															
240151592	21335	21335	2013	2	1	240151509	240151538	240151509	240151538	1	151	6	163	12	13.067	58	42.53	31	12.05	-30.48	23.80	33.00	13.80	20.291	2	1	1															
240151593	21335	21335	2013	2	1	240151509	240151538	240151509	240151538	1	151	6	163	12	13.067	82	3.41	30	10.59	7.18	24.75	36.50	17.20	22.863	2	1	1															
240151594	21335	21335	2013	2	1	240151509	240151538	240151509	240151538	1	151	6	163	12	13.067	29	15.33	33	8.41	-6.92	24.25	34.50	14.25	20.041	2	1	2															
240151600	21335	21335	2013	2	1	240151509	240151538	240151509	240151538	1	151	6	163	12	13.067	138	6.39	31	11.22	4.82	25.69	36.10	15.20	20.429	1	1	2															
259122493	21337	21337	2013	2	1	160120373	240150310	160120373	240150736	1	161	3	173	12	13.183	40	4.16	32	17.73	13.56	25.80	53.20	23.49	21.414	1	2	1															
259122494	21337	21337	2013	2	1	160120373	240150310	160120373	240150736	1	161	3	173	12	13.183	42	4.51	34	11.70	7.20	25.54	53.20	20.70	18.871	2	2	1															
259122495	21337	21337	2013	2	1	160120373	240150310	160120373	240150310	1	161	3	173	12	13.183	70	6.12	35	17.75	11.63	26.81	57.00	23.30	19.824	1	1	1															
259122455	21338	21338	2013	2	1	160120131	232173070	160120131	240150310	1	157	7	169	12	12.233	43	1.24	40	34.24	33.00	25.70	55.50	18.85	16.472	2	2	1															
259122456	21338	21338	2013	2	1	160120131	232173070	160120131	240151534	1	157	7	169	12	12.233	52	1.38	36	4.31	2.93	26.20	58.00	21.25	17.768	1	2	1															
259122457	21338	21338	2013	2	1	160120131	232173070	160120131	240151534	1	157	7	169	12	12.233	47	1.29	34	10.60	9.31	27.30	54.50	22.20	19.755	1	2	1															
259122458	21338	21338	2013	2	1	160120131	232173070	160120131	240151538	1	157	7	169	12	12.233	106	3.60	34	9.80	6.20	26.65	52.50	18.00	16.628	1	2	1															
259122459	21338	21338	2013	2	1	160120131	232173070	160120131	240150677	1	157	7	169	12	12.233	147	2.30	38	3.95	1.66	25.40	47.60	19.70	20.074	1	2	1															
259122460	21338	21338	2013	2	1	160120131	232173070	160120131	232173070	1	157	7	169	12	12.233	87	1.85	38	16.41	14.56	24.00	47.00	17.00	17.544	2	1	1															
259122461	21338	21338	2013	2	1	160120131	232173070	160120131	232173070	1	157	7	169	12	12.233	92	3.74	41	63.66	59.92	24.25	40.20	15.10	18.222	1	1	2															
259122424	21347	21347	2013	2	1	222154163	240151554	222154163	240151554	1	152	5	165	13	12.083	NA	NA	32	61.32	NA	25.15	50.50	17.00	16.327	1	1	1															
259122425	21347	21347	2013	2	1	222154163	240151554	222154163	240151554	1	152	5	165	13	12.083	110	82.39	32	51.57	-30.82	22.80	41.00	11.30	13.370	2	1	1															
259122426	21347	21347	2013	2	1	222154163	240151554	222154163	232173070	1	152	5	165	13	12.083	70	15.17	32	57.81	42.64	25.45	49.00	17.30	17.125	1	2	1															
259122427	21347	21347	2013	2	1	222154163	240151554	222154163	240151554	1	152	5	165	13	12.083	49	38.81	32	56.74	17.93	25.30	53.50	18.30	16.589	1	1	1															
259122428	21347	21347	2013	2	1	222154163	240151554	222154163	240151554	1	152	5	165	13	12.083	42	89.35	34	86.90	-2.45	24.75	50.00	15.00	14.551	1	1	1															
259122484	21352	21352	2013	2	1	240151530	259122441	240151530	259122441	1	161	5	173	12	12.033	83	6.54	37	12.64	6.10	25.90	47.10	19.45	20.030	2	1	1															
259122485	21352	21352	2013	2	1	240151530	259122441	240151530	NA	1	161	5	173	12	12.033	42	6.94	39	22.03	15.09	25.10	52.00	20.25	18.887	1	2	1															
259122486	21352	21352	2013	2	1	240151530	259122441	240151530	259122441	1	161	5	173	12	12.033	34	9.69	37	15.05	5.37	26.76	48.90	21.10	20.929	1	1	1															
259122487	21352	21352	2013	2	1	240151530	259122441	240151530	NA	1	161	5	173	12	12.033	75	6.43	36	7.52	1.09	25.00	46.20	20.00	20.998	1	2	1															
259122488	21352	21352	2013	2	1	240151530	259122441	240151530	259122441	1	161	5	173	12	12.033	53	8.54	39	5.16	-3.38	25.30	52.80	21.60	19.841	1	1	1															
259122489	21355	21355	2013	2	1	240151529	240150676	240151529	240150676	1	161	4	173	12	12.433	42	1.80	32	16.38	14.58	27.15	57.00	25.05	21.313	1	1	1															
259122490	21355	21355	2013	2	1	240151529	240150676	240151529	240150315	1	161	4	173	12	12.433	95	10.15	31	36.36	26.21	25.92	57.50	25.90	21.844	1	2	1															
259122491	21355	21355	2013	2	1	240151529	240150676	240151529	240150338	1	161	4	173	12	12.433	38	7.57	31	37.12	29.55	26.00	52.80	21.75	19.978	2	2	1															
259122492	21355	21355	2013	2	1	240151529	240150676	240151529	240150315	1	161	4	173	12	12.433	46	4.39	30	9.92	5.53	25.87	54.00	23.60	21.196	1	2	1															
259122413	21360	21360	2013	2	1	240151504	240150989	240151504	NA	1	150	5	163	13	14.467	82	1.42	40	1.23	-0.18	25.60	45.50	16.20	17.271	1	NA	2															
259122414	21360	21360	2013	2	1	240151504	240150989	240151504	NA	1	150	5	163	13	14.467	71	17.93	40	17.38	-0.55	25.10	45.00	12.10	13.043	1	NA	2															
259122415	21360	21360	2013	2	1	240151504	240150989	240151504	NA	1	150	5	163	13	14.467	94	2.70	40	1.39	-1.31	25.00	44.50	17.00	18.531	2	NA	2															
259122443	21361	21361	2013	2	1	240150406	160120825	240150406	240150338	1	155	4	168	13	12.317	60	6.36	35	5.02	-1.34	22.90	28.00	15.70	27.212	1	2	1															
259122444	21361	21361	2013	2	1	240150406	160120825	240150406	160120825	1	155	4	168	13	12.317	70	8.31	33	2.01	-6.30	23.40	35.20	14.20	19.573	2	1	1															
259122445	21361	21361	2013	2	1	240150406	160120825	240150406	160120825	1	155	4	168	13	12.317	72	3.25	33	4.09	0.84	23.48	34.00	12.60	17.981	2	1	1															
259122446	21361	21361	2013	2	1	240150406	160120825	240150406	160120825	1	155	4	168	13	12.317	70	17.98	33	23.46	5.48	23.37	31.60	10.25	15.740	1	1	1															
259122467	21367	21367	2013	2	1	240151526	160120820	240151526	222154542	1	158	5	170	12	12.433	87	6.41	30	4.93	-1.48	24.40	37.00	18.00	23.603	2	2	1															
259122468	21367	21367	2013	2	1	240151526	160120820	240151526	222154542	1	158	5	170	12	12.433	48	2.50	30	7.64	5.14	24.38	38.00	17.80	22.726	2	2	1															
259122469	21367	21367	2013	2	1	240151526	160120820	240151526	222154542	1	158	5	170	12	12.433	88	1.30	34	5.08	3.78	22.78	26.00	12.75	23.800	2	2	2															
259122470	21367	21367	2013	2	1	240151526	160120820	240151526	191123962	1	158	5	170	12	12.433	42	0.61	30	3.48	2.87	23.38	35.00	17.45	24.190	1	2	1															
259122471	21367	21367	2013	2	1	240151526	160120820	240151526	160120820	1	158	5	170	12	12.433	54	1.18	31	38.97	37.79	25.00	37.00	19.50	25.570	1	1	1															
240151568	21369	21369	2013	2	1	240151503	191123962	240151503	239159631	1	149	5	161	12	13.667	115	18.72	NA	NA	NA	23.50	35.00	14.50	20.101	1	2	2															
240151569	21369	21369	2013	2	1	240151503	191123962	240151503	239159631	1	149	5	161	12	13.667	88	14.21	NA	NA	NA	22.99	31.00	12.20	19.097	1	2	2															
240151570	21369	21369	2013	2	1	240151503	191123962	240151503	239159631	1	149	5	161	12	13.667	116	7.12	NA	NA	NA	22.80	37.50	14.80	19.148	1	2	2															
240151571	21369	21369	2013	2	1	240151503	191123962	240151503	239159631	1	149	5	161	12	13.667	69	28.91	NA	NA	NA	23.09	37.20	15.45	20.150	1	2	2															
240151572	21369	21369	2013	2	1	240151503	191123962	240151503	239159631	1	149	5	161	12	13.667	52	32.39	NA	NA	NA	24.90	41.50	18.50	21.625	1	2	2															
259122430	21375	21375	2013	2	1	240151517	240151278	240151517	240151278	1	152	5	165	13	13.000	35	0.61	38	0.61	0.00	24.50	49.50	18.50	18.127	2	1	1															
259122431	21375	21375	2013	2	1	240151517	240151278	240151517	240151278	1	152	5	165	13	13.000	48	43.12	41	30.69	-12.43	23.00	36.50	11.20	14.888	2	1	2															
259122432	21375	21375	2013	2	1	240151517	240151278	240151517	240151278	1	152	5	165	13	13.000	180	0.74	39	0.81	0.08	25.50	47.00	19.25	19.866	1	1	1															
259122433	21375	21375	2013	2	1	240151517	240151278	240151517	240151278	1	152	5	165	13	13.000	52	1.02	38	3.84	2.82	25.12	52.50	19.55	18.060	2	1	1															
259122434	21375	21375	2013	2	1	240151517	240151278	240151517	240151278	1	152	5	165	13	13.000	62	0.61	40	3.03	2.42	25.08	48.00	18.60	18.795	1	1	1															
259122481	21376	21376	2013	2	1	240151532	240151301	240151532	240151301	1	159	3	172	13	15.750	50	0.88	35	26.64	25.76	26.40	60.50	23.00	18.435	1	1	1															
259122482	21376	21376	2013	2	1	240151532	240151301	240151532	240151301	1	159	3	172	13	15.750	98	2.77	31	31.55	28.78	27.00	57.50	24.20	20.410	1	1	1															
259122483	21376	21376	2013	2	1	240151532	240151301	240151532	240150294	1	159	3	172	13	15.750	120	3.50	33	30.13	26.63	26.30	58.50	24.30	20.144	2	2	1															
259122511	21384	21384	2013	2	1	240151523	240150352	240151523	NA	1	182	4	194	12	13.433	35	14.58	30	49.80	35.22	25.62	54.50	16.80	14.950	1	2	1															
259122512	21384	21384	2013	2	1	240151523	240150352	240151523	240150330	1	182	4	194	12	13.433	62	5.24	31	18.54	13.29	26.75	59.00	19.80	16.274	1	2	1															
259122513	21384	21384	2013	2	1	240151523	240150352	240151523	240150330	1	182	4	194	12	13.433	110	2.48	31	5.58	3.10	24.72	49.60	19.51	19.078	1	2	1															
259122514	21384	21384	2013	2	1	240151523	240150352	240151523	240150330	1	182	4	194	12	13.433	173	14.91	34	58.62	43.71	25.51	55.00	17.90	15.784	2	2	1															
259122462	21391	21391	2013	2	1	160120102	239159636	160120102	239159636	1	157	4	169	12	12.633	30	16.08	37	5.14	-10.94	25.70	47.00	18.25	18.834	1	1	1															
259122463	21391	21391	2013	2	1	160120102	239159636	160120102	239159636	1	157	4	169	12	12.633	50	23.51	35	42.07	18.56	25.52	49.80	15.80	15.388	2	1	2															
259122464	21391	21391	2013	2	1	160120102	239159636	160120102	239159636	1	157	4	169	12	12.633	48	0.83	39	19.60	18.77	26.40	57.20	21.65	18.355	1	1	1															
259122465	21391	21391	2013	2	1	160120102	239159636	160120102	240151541	1	157	4	169	12	12.633	51	1.63	32	45.35	43.72	25.68	51.90	19.20	17.942	2	2	1															
259122497	21393	21393	2013	2	1	240151533	259122442	240151533	240150325	1	162	5	175	13	12.267	77	4.71	32	24.39	19.68	25.71	55.50	21.40	18.700	2	2	1															
259122498	21393	21393	2013	2	1	240151533	259122442	240151533	259122442	1	162	5	175	13	12.267	47	3.12	30	13.55	10.43	24.78	56.50	19.20	16.480	2	1	1															
259122500	21393	21393	2013	2	1	240151533	259122442	240151533	259122442	1	162	5	175	13	12.267	123	4.60	31	14.60	10.01	26.49	59.20	24.55	20.110	1	1	1															
259122601	21393	21393	2013	2	1	240151533	259122442	240151533	259122442	1	162	5	175	13	12.267	47	6.04	30	5.05	-0.99	25.60	55.00	21.95	19.355	1	1	1															
259122435	21397	21397	2013	2	1	240150945	240151371	240150945	240151371	1	152	5	165	13	13.450	48	0.61	31	3.99	3.38	24.75	47.00	18.80	19.402	1	1	1															
259122436	21397	21397	2013	2	1	240150945	240151371	240150945	240151531	1	152	5	165	13	13.450	82	0.61	30	6.99	6.38	24.95	54.50	21.75	19.355	1	2	1															
259122437	21397	21397	2013	2	1	240150945	240151371	240150945	191123955	1	152	5	165	13	13.450	52	0.61	30	7.31	6.70	25.05	51.20	16.60	15.725	2	2	1															
259122438	21397	21397	2013	2	1	240150945	240151371	240150945	240151340	1	152	5	165	13	13.450	56	NA	30	2.90	NA	25.55	40.00	16.00	19.405	1	2	1															
259122439	21397	21397	2013	2	1	240150945	240151371	240150945	240151371	1	152	5	165	13	13.450	96	2.37	30	17.34	14.97	25.10	49.50	19.20	18.813	1	1	1															
240151543	213106	213106	2013	2	1	240151501	240151528	240151501	NA	1	145	6	157	12	12.333	200	15.77	34	72.69	56.93	25.90	53.50	19.70	17.858	NA	NA	2															
240151544	213106	213106	2013	2	1	240151501	240151528	240151501	240151528	1	145	6	157	12	12.333	109	3.53	31	50.67	47.14	27.10	54.50	18.70	16.641	2	1	2															
240151545	213106	213106	2013	2	1	240151501	240151528	240151501	NA	1	145	6	157	12	12.333	90	16.65	35	147.16	130.52	24.75	47.00	19.00	19.608	1	2	2															
240151546	213106	213106	2013	2	1	240151501	240151528	240151501	240151528	1	145	6	157	12	12.333	210	NA	40	139.50	NA	26.50	48.00	18.50	18.694	1	1	2															
240151547	213106	213106	2013	2	1	240151501	240151528	240151501	NA	1	145	6	157	12	12.333	58	9.26	37	NA	NA	27.35	52.00	19.20	17.908	1	2	2															
240151599	213106	213106	2013	2	1	240151501	240151528	240151501	240151528	1	145	6	157	12	12.333	184	NA	43	68.37	NA	26.25	46.50	19.00	19.820	1	1	2															
259122466	213109	213109	2013	2	1	191123985	239159631	191123985	239159631	1	157	1	169	12	13.133	39	2.72	30	29.87	27.15	24.40	45.00	19.25	20.750	2	1	1															
240151564	213110	213110	2013	2	1	222153407	222154542	222153407	240151540	1	148	2	160	12	13.750	55	24.41	39	NA	NA	23.41	27.40	11.40	20.192	2	2	2															
259122518	213113	213113	2013	2	1	239152301	NA	239152301	NA	1	190	1	202	12	12.267	36	1.24	33	6.88	5.65	24.38	46.60	18.95	19.725	NA	NA	1															
240151561	213118	213118	2013	2	1	240151505	191123955	240151505	191123955	1	148	3	160	12	13.333	56	5.85	38	48.36	42.51	26.31	57.50	23.90	20.157	1	1	1															
240151562	213118	213118	2013	2	1	240151505	191123955	240151505	191123955	1	148	3	160	12	13.333	64	12.02	39	56.77	44.74	26.82	54.00	22.10	19.848	1	1	1															
240151563	213118	213118	2013	2	1	240151505	191123955	240151505	191123955	1	148	3	160	12	13.333	61	7.65	34	28.38	20.73	25.23	53.80	23.50	21.184	1	1	1															
259122416	213120	213120	2013	2	1	240151514	240151451	240151514	240150352	1	151	5	163	12	14.817	75	0.61	30	2.00	1.39	24.00	35.00	13.85	19.200	2	2	2															
259122417	213120	213120	2013	2	1	240151514	240151451	240151514	240151451	1	151	5	163	12	14.817	63	0.61	39	NA	NA	23.29	39.50	15.35	18.853	2	1	2															
259122418	213120	213120	2013	2	1	240151514	240151451	240151514	240151451	1	151	5	163	12	14.817	62	2.03	32	4.21	2.18	24.00	35.00	17.25	23.913	1	1	2															
259122419	213120	213120	2013	2	1	240151514	240151451	240151514	240151451	1	151	5	163	12	14.817	73	0.61	34	NA	NA	23.30	33.00	15.00	22.056	1	1	2															
259122420	213120	213120	2013	2	1	240151514	240151451	240151514	240151451	1	151	5	163	12	14.817	49	1.40	29	6.39	5.00	24.95	40.10	17.10	20.688	2	1	2															
259122515	213121	213121	2013	2	1	160118769	240151340	160118769	240150330	1	185	3	197	12	12.050	24	1.30	30	12.55	11.25	24.00	39.00	17.50	21.769	2	2	1															
259122516	213121	213121	2013	2	1	160118769	240151340	160118769	240151340	1	185	3	197	12	12.050	107	26.17	32	1.78	-24.39	23.50	33.00	10.75	15.807	2	1	2															
259122517	213121	213121	2013	2	1	160118769	240151340	160118769	240151479	1	185	3	197	12	12.050	170	0.84	34	7.85	7.00	23.30	39.00	13.00	16.171	2	2	2															
240151556	213125	213125	2013	2	1	232173199	232173449	232173199	NA	1	148	5	160	12	12.583	47	1.46	32	14.67	13.21	23.80	38.00	16.90	21.577	1	2	1															
240151557	213125	213125	2013	2	1	232173199	232173449	232173199	240151541	1	148	5	160	12	12.583	92	2.55	31	5.77	3.22	23.90	35.00	15.50	21.487	1	2	2															
240151558	213125	213125	2013	2	1	232173199	232173449	232173199	239159636	1	148	5	160	12	12.583	82	2.68	30	16.35	13.67	22.35	27.50	11.00	19.412	1	2	1															
240151559	213125	213125	2013	2	1	232173199	232173449	232173199	NA	1	148	5	160	12	12.583	120	1.49	30	34.69	33.21	24.65	37.00	16.40	21.505	1	2	2															
240151560	213125	213125	2013	2	1	232173199	232173449	232173199	232173449	1	148	5	160	12	12.583	90	3.51	33	81.28	77.77	23.22	42.10	16.00	18.436	2	1	1															
259122421	213127	213127	2013	2	1	240151512	240151536	240151512	240151536	1	151	3	163	12	14.983	39	4.18	39	3.23	-0.95	25.00	48.00	18.00	18.189	1	1	1															
259122422	213127	213127	2013	2	1	240151512	240151536	240151512	240151537	1	151	3	163	12	14.983	47	1.63	37	3.99	2.36	25.15	41.00	20.00	23.664	1	2	1															
259122423	213127	213127	2013	2	1	240151512	240151536	240151512	240151536	1	151	3	163	12	14.983	48	2.57	37	2.89	0.33	24.10	33.00	16.90	24.849	2	1	1															
262126129	21415	21415	2014	2	1	262126127	262126128	262126127	NA	1	191	4	203	12	14.317	116	4.072	29	5.518	1.45	22.10	31.50	11.20	17.253	1	2	2															
262126130	21415	21415	2014	2	1	262126127	262126128	262126127	NA	1	191	4	203	12	14.317	55	1.588	30	6.71	5.12	25.90	55.00	24.25	21.383	1	2	1															
262126131	21415	21415	2014	2	1	262126127	262126128	262126127	NA	1	191	4	203	12	14.317	34	0.903	32	12.314	11.41	26.50	55.00	22.20	19.575	1	2	1															
262126132	21415	21415	2014	2	1	262126127	262126128	262126127	NA	1	191	4	203	12	14.317	118	3.732	31	2.644	-1.09	25.30	53.50	21.00	19.037	2	2	1															
262125804	21419	21419	2014	2	1	240150264	NA	240150264	NA	1	148	3	160	12	12.517	85	14.397	31	76.272	61.88	25.30	51.00	21.00	19.971	2	NA	1															
262125805	21419	214120	2014	2	1	240150264	NA	240150265	240150352	2	148	3	160	12	12.517	50	5.881	34	33.846	27.97	25.10	59.00	18.25	15.000	2	NA	2															
262125806	21419	214120	2014	2	1	240150264	NA	240150265	240151451	2	148	3	160	12	12.517	80	12.355	31	15.58	3.23	20.20	61.50	20.00	15.770	2	NA	1															
262126125	21421	21460	2014	2	1	222153407	240150338	262126119	NA	2	179	2	191	12	12.133	41	1.304	31	8.353	7.05	27.20	61.00	23.00	18.284	1	2	1															
262126126	21421	21460	2014	2	1	222153407	240150338	262126119	160120824	2	179	2	191	12	12.133	52	1.676	31	19.569	17.89	25.90	64.00	21.50	16.290	2	2	1															
262126047	21448	21448	2014	2	1	240151530	240150736	240151530	240150736	1	155	6	167	12	14.100	77	32.698	34	18.717	-13.98	23.00	33.50	12.30	17.815	1	1	2															
262126048	21448	21452	2014	2	1	240151530	240150736	240150282	259122441	2	155	6	167	12	14.100	62	7.465	30	7.145	-0.32	26.00	50.00	20.60	19.983	1	2	1															
262126049	21448	21452	2014	2	1	240151530	240150736	240150282	259122441	2	155	6	167	12	14.100	95	3.707	33	11.958	8.25	25.40	49.50	18.00	17.637	1	2	1															
262126050	21448	21448	2014	2	1	240151530	240150736	240151530	239160641	1	155	6	167	12	14.100	109	0.731	34	7.58	6.85	24.50	50.50	19.00	18.248	2	2	1															
262126051	21448	21452	2014	2	1	240151530	240150736	NA	NA	1	155	6	167	12	14.100	35	1.756	31	9.022	7.27	24.30	43.00	18.00	20.306	NA	NA	1															
262126052	21448	21448	2014	2	1	240151530	240150736	240151530	NA	1	155	6	167	12	14.100	40	0.61	31	5.855	5.25	25.90	48.50	18.10	18.101	1	2	1															
262126070	21464	21464	2014	2	1	240150290	262125814	240150290	262125814	1	159	5	171	12	13.983	100	3.85	35	4.006	0.16	24.90	42.00	20.00	23.100	1	1	1															
262126071	21464	21471	2014	2	1	240150290	262125814	NA	NA	2	159	5	171	12	13.983	64	9.234	34	4.714	-4.52	25.70	47.00	19.70	20.331	2	NA	1															
262126072	21464	21464	2014	2	1	240150290	262125814	240150290	240150297	1	159	5	171	12	13.983	109	6.399	31	40.213	33.81	24.50	45.00	21.00	22.637	1	2	1															
262126073	21464	21471	2014	2	1	240150290	262125814	NA	NA	2	159	5	171	12	13.983	52	3.537	32	10.536	7.00	26.00	47.50	21.00	21.444	1	NA	1															
262126074	21464	21464	2014	2	1	240150290	262125814	240150290	160120825	1	159	5	171	12	13.983	50	14.604	34	3.21	-11.39	24.70	45.00	19.00	20.481	2	2	1															
262125890	21474	21474	2014	2	1	240150280	160120584	240150280	160120584	1	155	6	167	12	13.117	47	5.774	33	19.457	13.68	23.00	40.00	14.70	17.829	1	1	1															
262125891	21474	21477	2014	2	1	240150280	160120584	240150275	240150294	2	155	6	167	12	13.117	57	20.784	31	24.309	3.53	24.60	47.50	14.90	15.215	2	1	2															
262125892	21474	21474	2014	2	1	240150280	160120584	240150280	160120584	1	155	6	167	12	13.117	93	1.388	34	12.633	11.25	23.50	45.00	19.50	21.020	1	1	1															
262126044	21474	21474	2014	2	1	240150280	160120584	240150280	160120584	1	155	6	167	12	13.117	51	15.284	41	32.255	16.97	22.50	38.00	16.00	20.428	2	1	1															
262126045	21474	21477	2014	2	1	240150280	160120584	240150275	240150294	2	155	6	167	12	13.117	35	0.88	32	17.14	16.26	26.60	47.00	17.75	18.318	1	1	1															
262126046	21474	21474	2014	2	1	240150280	160120584	240150280	160120584	1	155	6	167	12	13.117	85	16.529	30	14.175	-2.35	23.10	47.50	17.00	17.360	1	1	2															
262126106	21476	21476	2014	2	1	262126011	262126036	262126011	262126009	1	164	5	176	12	12.517	111	6.739	33	52.477	45.74	21.90	60.00	21.90	17.700	1	2	1															
262126107	21476	21476	2014	2	1	262126011	262126036	262126011	NA	1	164	5	176	12	12.517	130	8.634	31	57.073	48.44	26.60	54.00	19.50	17.513	2	2	1															
262126108	21476	21483	2014	2	1	262126011	262126036	262126010	240150325	2	164	5	176	12	12.517	55	5.923	31	84.803	78.88	26.20	59.50	21.50	17.523	1	2	1															
262126109	21476	21476	2014	2	1	262126011	262126036	262126011	239160641	1	164	5	176	12	12.517	50	9.56	31	65.003	55.44	25.20	56.00	18.50	16.021	1	2	2															
262126110	21476	21483	2014	2	1	262126011	262126036	262126010	240150330	2	164	5	176	12	12.517	49	4.729	34	36.954	32.23	25.60	57.50	18.00	15.181	2	1	2															
262125876	21477	21477	2014	2	1	240150275	240150294	240150275	240150868	1	154	5	166	12	13.067	78	1.046	38	32.666	31.62	25.60	58.50	22.10	18.320	1	2	1															
262125877	21477	21477	2014	2	1	240150275	240150294	240150275	240150868	1	154	5	166	12	13.067	75	14.092	40	41.04	26.95	25.00	28.50	20.00	34.056	1	2	1															
262126024	21477	21474	2014	2	1	240150275	240150294	240150280	262126036	2	154	5	166	12	13.067	68	0.61	39	9.19	8.58	22.50	52.00	18.75	17.488	2	2	1															
262126025	21477	21477	2014	2	1	240150275	240150294	240150275	240150294	1	154	5	166	12	13.067	68	0.61	34	23.895	23.29	25.80	53.00	20.00	18.302	2	1	1															
262126026	21477	21474	2014	2	1	240150275	240150294	240150280	160120584	2	154	5	166	12	13.067	77	7.937	35	26.13	18.19	24.60	56.00	20.50	17.753	2	1	1															
262126096	21478	21451	2014	2	1	262126008	239160641	239160574	262125803	2	161	3	173	12	12.600	36	1.709	30	8.323	6.61	23.30	36.00	18.25	24.596	2	2	1															
262126097	21478	21451	2014	2	1	262126008	239160641	239160574	259122441	2	161	3	173	12	12.600	36	2.293	31	2.894	0.60	23.60	38.00	20.20	25.790	1	1	1															
262126098	21478	21478	2014	2	1	262126008	239160641	262126008	NA	1	161	3	173	12	12.600	76	2.842	31	3.155	0.31	24.30	45.00	21.25	22.906	1	2	1															
262125878	21480	21480	2014	2	1	240150268	NA	240150268	259122442	1	154	4	166	12	13.317	60	NA	35	169.145	NA	22.80	31.00	15.00	23.480	1	NA	1															
262126027	21480	21480	2014	2	1	240150268	NA	240150268	259122442	1	154	4	166	12	13.317	56	55.747	39	48.792	-6.96	23.50	26.50	11.75	21.519	2	NA	2															
262126028	21480	21480	2014	2	1	240150268	NA	240150268	259122442	1	154	4	166	12	13.317	115	66.086	34	71.721	5.64	22.10	22.00	8.50	18.755	1	NA	2															
262126029	21480	21484	2014	2	1	240150268	NA	232173199	240151537	2	154	4	166	12	13.317	56	58.37	40	NA	NA	20.90	21.00	7.75	17.915	1	2	2															
262126030	21481	21470	2014	2	1	240151519	259122442	259122510	262126120	2	154	2	166	12	13.517	88	6.025	31	36.127	30.10	24.30	45.50	18.00	19.189	2	NA	1															
262126031	21481	21470	2014	2	1	240151519	259122442	259122510	240150338	2	154	2	166	12	13.517	67	3.043	31	64.182	61.14	24.55	50.00	17.75	17.218	2	NA	1															
262126115	21483	21476	2014	2	1	262126010	240150330	262126011	NA	2	165	4	177	12	12.283	83	1.353	31	4.384	3.03	27.00	62.50	21.50	16.681	2	2	1															
262126116	21483	21483	2014	2	1	262126010	240150330	262126010	240150325	1	165	4	177	12	12.283	108	6.175	30	25.622	19.45	25.70	54.00	21.60	19.399	2	2	1															
262126117	21483	21483	2014	2	1	262126010	240150330	262126010	240150330	1	165	4	177	12	12.283	36	1.825	34	8.119	6.29	26.80	61.00	23.30	18.523	1	1	1															
262126118	21483	21476	2014	2	1	262126010	240150330	262126011	160120584	2	165	4	177	12	12.283	45	1.733	33	4.051	2.32	26.00	63.00	19.80	15.240	2	2	1															
262125861	21484	21480	2014	2	1	232173199	240150352	240150268	259122442	2	153	5	165	12	14.800	124	64.974	40	67.417	2.44	25.50	49.00	17.25	17.075	1	NA	1															
262125862	21484	21484	2014	2	1	232173199	240150352	232173199	240150352	1	153	5	165	12	14.800	62	38.864	41	92.56	53.70	25.00	43.00	16.00	18.050	2	1	1															
262125863	21484	21484	2014	2	1	232173199	240150352	232173199	240151537	1	153	5	165	12	14.800	55	38.178	39	33.257	-4.92	24.30	45.00	17.00	18.325	1	2	1															
262125864	21484	21480	2014	2	1	232173199	240150352	240150268	259122442	2	153	5	165	12	14.800	63	24.288	40	48.123	23.84	25.00	47.00	16.25	16.770	2	NA	1															
262125865	21484	21484	2014	2	1	232173199	240150352	232173199	240150352	1	153	5	165	12	14.800	147	19.067	38	62.711	43.64	24.30	45.50	16.25	17.324	2	1	1															
262126085	21486	21486	2014	2	1	262126006	160120824	262126006	160120824	1	160	5	172	12	13.167	132	2.151	34	4.713	2.56	26.60	61.50	21.70	17.110	1	1	1															
262126086	21486	214112	2014	2	1	262126006	160120824	262126004	262125813	2	160	5	172	12	13.167	138	8.987	30	16.134	7.15	26.40	57.00	20.60	17.527	1	1	1															
262126087	21486	21486	2014	2	1	262126006	160120824	262126006	NA	1	160	5	172	12	13.167	43	1.134	30	6.065	4.93	24.00	51.00	16.25	15.454	2	2	1															
262126088	21486	21486	2014	2	1	262126006	160120824	262126006	160120824	1	160	5	172	12	13.167	55	4.044	31	5.319	1.28	24.50	51.20	20.00	18.946	1	1	2															
262126089	21486	214112	2014	2	1	262126006	160120824	262126004	262125813	2	160	5	172	12	13.167	45	0.857	34	5.533	4.68	25.70	58.00	18.60	15.552	2	1	1															
262125820	21492	21492	2014	2	1	240150266	239159636	240150266	240150298	1	151	4	163	12	12.900	104	0.762	40	73.75	72.99	25.90	53.00	19.10	17.478	1	2	1															
262125822	21492	21492	2014	2	1	240150266	239159636	240150266	239159636	1	151	4	163	12	12.900	68	9.054	32	90.354	81.30	24.90	50.50	23.50	22.570	2	1	1															
262125823	21492	214102	2014	2	1	240150266	239159636	240151516	240150296	2	151	4	163	12	12.900	64	2.888	32	38.303	35.42	25.70	55.00	23.50	20.722	1	2	1															
262125824	21492	21492	2014	2	1	240150266	239159636	240150266	239159636	1	151	4	163	12	12.900	131	3.858	37	88.01	84.15	25.80	55.00	18.60	16.401	2	1	1															
262125868	214101	214101	2014	2	1	240150281	160120672	240150281	NA	1	154	5	166	12	12.367	61	4.224	30	6.152	1.93	25.20	40.00	18.00	21.831	1	2	1															
262125869	214101	214101	2014	2	1	240150281	160120672	240150281	NA	1	154	5	166	12	12.367	82	4.047	32	44.222	40.18	25.80	50.00	18.50	17.946	1	2	1															
262126021	214101	214115	2014	2	1	240150281	160120672	240150299	259122480	2	154	5	166	12	12.367	61	1.385	30	10.503	9.12	25.00	49.00	18.00	17.817	2	1	1															
262126022	214101	214115	2014	2	1	240150281	160120672	240150299	NA	2	154	5	166	12	12.367	63	12.051	30	1.98	-10.07	24.80	46.00	17.00	17.926	1	2	1															
262126023	214101	214101	2014	2	1	240150281	160120672	240150281	191123955	1	154	5	166	12	12.367	67	1.939	33	11.581	9.64	24.20	45.00	16.00	17.247	1	2	1															
262125815	214102	21492	2014	2	1	240151516	240150868	240150266	239159636	2	150	5	162	12	13.083	65	9.01	41	21.095	12.09	26.70	56.00	20.50	17.753	2	1	1															
262125816	214102	214102	2014	2	1	240151516	240150868	240151516	240150868	1	150	5	162	12	13.083	146	5.77	38	76.469	70.70	26.10	45.00	22.00	23.715	1	1	1															
262125817	214102	214102	2014	2	1	240151516	240150868	240151516	240150296	1	150	5	162	12	13.083	53	1.594	32	74.239	72.65	25.00	56.00	23.00	19.918	1	2	1															
262125818	214102	214102	2014	2	1	240151516	240150868	240151516	240150296	1	150	5	162	12	13.083	115	2.826	35	21.686	18.86	25.60	53.00	23.00	21.047	1	2	1															
262125819	214102	21492	2014	2	1	240151516	240150868	240150266	NA	2	150	5	162	12	13.083	51	0.662	35	45.511	44.85	26.40	59.00	21.50	17.672	2	2	1															
262125837	214108	214108	2014	2	1	239152851	262126009	239152851	262125867	1	152	6	164	12	14.367	86	3.378	35	3.389	0.01	24.00	41.50	17.25	20.164	1	2	1															
262125838	214108	214110	2014	2	1	239152851	262126009	222154848	NA	2	152	6	164	12	14.367	115	NA	33	4.861	NA	25.50	46.00	22.00	23.199	1	2	1															
262125839	214108	214110	2014	2	1	239152851	262126009	222154848	239159631	2	152	6	164	12	14.367	86	2.732	36	17.646	14.91	23.50	44.50	18.50	20.166	2	1	1															
262126012	214108	214108	2014	2	1	239152851	262126009	239152851	262125867	1	152	6	164	12	14.367	90	NA	31	1.356	NA	23.40	35.50	13.75	18.792	1	2	1															
262126013	214108	214108	2014	2	1	239152851	262126009	239152851	262125867	1	152	6	164	12	14.367	60	0.61	32	9.793	9.18	24.60	49.50	17.75	17.392	2	2	1															
262126014	214108	214108	2014	2	1	239152851	262126009	239152851	262125867	1	152	6	164	12	14.367	65	24.211	35	0.61	-23.60	25.50	48.50	19.20	19.201	1	2	1															
262125857	214110	214110	2014	2	1	222154848	239159631	222154848	240151451	1	153	6	165	12	14.400	83	34.045	39	115.68	81.64	24.40	42.00	14.25	16.459	2	2	1															
262125858	214110	214110	2014	2	1	222154848	239159631	222154848	239159631	1	153	6	165	12	14.400	53	43.564	42	113.368	69.80	25.00	37.00	14.50	19.013	2	1	1															
262125859	214110	214108	2014	2	1	222154848	239159631	239152851	NA	2	153	6	165	12	14.400	120	117.614	42	119.716	2.10	26.10	59.50	23.50	19.153	2	2	1															
262125860	214110	214108	2014	2	1	222154848	239159631	239152851	NA	2	153	6	165	12	14.400	176	4.752	37	77.096	72.34	25.75	52.00	19.40	18.094	2	2	1															
262126019	214110	214110	2014	2	1	222154848	239159631	222154848	NA	1	153	6	165	12	14.400	58	17.756	35	32.521	14.77	24.40	48.00	16.00	16.168	1	2	1															
262126020	214110	214110	2014	2	1	222154848	239159631	222154848	239159631	1	153	6	165	12	14.400	155	136.731	39	NA	NA	21.70	38.50	12.50	15.752	2	1	1															
262125900	214112	214112	2014	2	1	262126004	262125813	262126004	262125813	1	159	6	171	12	12.883	147	0.705	34	25.913	25.21	27.10	44.00	20.20	22.270	1	1	1															
262126065	214112	21486	2014	2	1	262126004	262125813	262126006	NA	2	159	6	171	12	12.883	68	0.99	36	13.343	12.35	24.40	48.00	20.00	20.210	1	2	1															
262126066	214112	214112	2014	2	1	262126004	262125813	262126004	262125813	1	159	6	171	12	12.883	123	2.653	32	19.343	16.69	25.90	46.00	19.00	20.035	2	1	1															
262126067	214112	214112	2014	2	1	262126004	262125813	262126004	262125813	1	159	6	171	12	12.883	53	3.489	33	10.063	6.57	24.80	32.00	15.25	23.125	1	1	1															
262126068	214112	21486	2014	2	1	262126004	262125813	262126006	240150330	2	159	6	171	12	12.883	143	2.581	32	3.274	0.69	25.70	47.00	16.00	16.512	2	2	1															
262126069	214112	214112	2014	2	1	262126004	262125813	262126004	262125813	1	159	6	171	12	12.883	143	3.698	34	50.534	46.84	24.40	40.50	16.90	20.243	2	1	1															
262125887	214115	214101	2014	2	1	240150299	259122480	240150281	NA	2	155	4	167	12	12.217	53	4.235	30	9.22	4.99	24.40	48.00	19.30	19.503	1	2	1															
262125889	214115	214101	2014	2	1	240150299	259122480	240150281	NA	2	155	4	167	12	12.217	53	3.676	31	22.969	19.29	25.40	43.00	16.50	18.614	1	2	1															
262126037	214115	214115	2014	2	1	240150299	259122480	240150299	259122480	1	155	4	167	12	12.217	40	34.386	31	88.641	54.26	24.40	43.00	18.50	20.870	2	1	1															
262126039	214115	214115	2014	2	1	240150299	259122480	240150299	259122480	1	155	4	167	12	12.217	69	3.453	30	16.869	13.42	26.00	54.00	21.50	19.310	2	1	1															
262125807	214120	21419	2014	2	1	240150265	NA	240150264	240150338	2	149	3	161	12	12.883	38	1.311	31	1.358	0.05	24.70	40.00	17.25	20.921	1	NA	2															
262125808	214120	214120	2014	2	1	240150265	NA	240150265	240150352	1	149	3	161	12	12.883	48	4.182	33	3.893	-0.29	26.40	54.10	19.25	17.257	1	NA	1															
262125809	214120	214120	2014	2	1	240150265	NA	240150265	240151451	1	149	3	161	12	12.883	85	2.558	31	11.23	8.67	26.00	51.00	20.50	19.496	2	NA	1															
240134851	41464	41464	2014	4	2	240134805	240134819	240134805	240150695	1	154	6	166	12	16.467	100	1.181	NA	4.319	3.138	24.48	43	16.5	18.61408879	NA	2	1															
240134852	41464	41464	2014	4	2	240134805	240134819	240134805	240150695	1	154	6	166	12	16.467	96	1.925	NA	15.399	13.474	25.15	52	21.25	19.81978862	NA	2	1															
240134853	41464	41464	2014	4	2	240134805	240134819	240134805	240150695	1	154	6	166	12	16.467	103	0.61	NA	2.705	2.095	24.83	47	18	18.57642574	NA	2	1															
240134854	41464	41464	2014	4	2	240134805	240134819	240134805	240150695	1	154	6	166	12	16.467	159	1.243	NA	16.203	14.96	24.98	47	18.5	19.09243757	NA	2	1															
240134850	41464	41464	2014	4	2	240134805	240134819	240134805	240134819	1	154	6	166	12	16.467	70	1.501	NA	4.27	2.769	23.58	50	19.5	18.91581841	NA	1	1															
240134855	41464	41464	2014	4	2	240134805	240134819	240134805	240134819	1	154	6	166	12	16.467	161	4.185	NA	11.259	7.074	24.48	50	19.5	18.91581841	NA	1	1															
240134838	41467	41467	2014	4	2	240150435	239160622	240150435	240150347	1	153	5	165	12	16.167	80	60.723	NA	159.546	98.823	24.08	56	18	15.58818647	NA	2	1															
240134839	41467	41467	2014	4	2	240150435	239160622	240150435	222154155	1	153	5	165	12	16.167	54	53.521	NA	86.124	32.603	23.8	51	18.25	17.35579801	NA	2	1															
240134842	41467	41467	2014	4	2	240150435	239160622	240150435	240150347	1	153	5	165	12	16.167	84	5.078	NA	110.811	105.733	25.08	54	21.5	19.30952861	NA	2	1															
240134840	41467	41467	2014	4	2	240150435	239160622	240150435	239160622	1	153	5	165	12	16.167	86	NA	NA	120.927	NA	25.23	53.5	21.25	19.2635436	NA	1	1															
240134841	41467	41467	2014	4	2	240150435	239160622	240150435	239160622	1	153	5	165	12	16.167	84	29.821	NA	111.647	81.826	23.76	52.5	18.75	17.32132952	NA	1	1															
262125417	41469	41469	2014	4	1	240134815	240134887	240134815	222154155	1	163	6	175	12	16.567	61	8.502	NA	11.314	2.812	25.12	51	19	18.06904999	NA	2	1															
262125419	41469	41469	2014	4	1	240134815	240134887	240134815	NA	1	163	6	175	12	16.567	43	14.198	NA	3.863	-10.335	23.89	49	18.25	18.0649235	NA	2	1															
262125420	41469	41469	2014	4	1	240134815	240134887	240134815	240150694	1	163	6	175	12	16.567	152	9.056	NA	16.381	7.325	24.49	50	20.5	19.88586038	NA	2	1															
262125421	41469	41469	2014	4	1	240134815	240134887	240134815	222154155	1	163	6	175	12	16.567	133	3.294	NA	24.536	21.242	24.92	53.5	18.25	16.5439845	NA	2	1															
262125422	41469	41469	2014	4	1	240134815	240134887	240134815	240150695	1	163	6	175	12	16.567	130	29.962	NA	34.045	4.083	25.6	55	20.5	18.07632506	NA	2	1															
262125418	41469	41469	2014	4	1	240134815	240134887	240134815	240134887	1	163	6	175	12	16.567	91	0.61	NA	8.745	8.135	23.71	49	18.25	18.0649235	NA	1	1															
262125428	41471	41471	2014	4	1	185142392	160120139	185142392	160120139	1	165	2	177	12	15.667	66	3.607	NA	29.696	26.089	25.34	63	22.75	17.51058311	NA	1	1															
262125429	41471	41471	2014	4	1	185142392	160120139	185142392	160120139	1	165	2	177	12	15.667	50	2.597	NA	22.079	19.482	25.75	64.5	23	17.29090077	NA	1	1															
240134889	41472	41472	2014	4	1	160120104	240150692	160120104	240150695	1	156	5	168	12	15.300	60	4.12	NA	16.92	12.8	22.78	36.5	17.25	22.92946849	NA	2	2															
240134890	41472	41472	2014	4	1	160120104	240150692	160120104	240134817	1	156	5	168	12	15.300	100	13.81	NA	11.488	-2.322	23.39	35.5	17.25	23.57602656	NA	2	1															
240134891	41472	41472	2014	4	1	160120104	240150692	160120104	240150695	1	156	5	168	12	15.300	102	0.845	NA	14.369	13.524	23.32	36	16.75	22.57439281	NA	2	1															
240134899	41472	41472	2014	4	1	160120104	240150692	160120104	240134817	1	156	5	168	12	15.300	49	3.818	NA	5.158	1.34	22.32	35	15.5	21.48719398	NA	2	1															
240134888	41472	41472	2014	4	1	160120104	240150692	160120104	240150692	1	156	5	168	12	15.300	42	8.039	NA	5.05	-2.989	21.77	31	12.5	19.56668651	NA	1	2															
240134857	41476	41476	2014	4	1	240134801	239160614	240134801	NA	1	154	6	166	12	17.217	85	6.491	NA	41.507	35.016	23.25	42	14	16.17019652	NA	2	2															
240134856	41476	41476	2014	4	1	240134801	239160614	240134801	NA	1	154	6	166	12	17.217	162	15.251	NA	27.077	11.826	23.97	56.5	19.5	16.73760837	NA	2	1															
240134858	41476	41476	2014	4	1	240134801	239160614	240134801	NA	1	154	6	166	12	17.217	72	0.989	NA	6.397	5.408	23.91	51	16.25	15.45379275	NA	2	1															
240134859	41476	41476	2014	4	1	240134801	239160614	240134801	NA	1	154	6	166	12	17.217	55	2.394	NA	10.42	8.026	24.5	55	16.5	14.54923724	NA	2	1															
240134860	41476	41476	2014	4	1	240134801	239160614	240134801	NA	1	154	6	166	12	17.217	100	4.233	NA	13.139	8.906	23.37	50	17.5	16.97573447	NA	2	1															
240134861	41476	41476	2014	4	1	240134801	239160614	240134801	NA	1	154	6	166	12	17.217	151	1.065	NA	20.48	19.415	24.15	47.5	17.5	17.87011444	NA	2	1															
240134835	41478	41478	2014	4	1	240134802	240134817	240134802	239160614	1	153	5	165	12	15.750	62	40.224	NA	13.857	-26.367	23.93	54.5	18.5	16.46259064	NA	2	1															
240134836	41478	41478	2014	4	1	240134802	240134817	240134802	239160614	1	153	5	165	12	15.750	73	3.427	NA	85.678	82.251	24.65	51	20	19.02005262	NA	2	2															
240134837	41478	41478	2014	4	1	240134802	240134817	240134802	240134897	1	153	5	165	12	15.750	73	35.78	NA	40.082	4.302	23.75	54	18.25	16.39064638	NA	2	1															
240134833	41478	41478	2014	4	1	240134802	240134817	240134802	240134817	1	153	5	165	12	15.750	77	111.092	NA	NA	NA	24.19	55	18	15.87189517	NA	1	1															
240134834	41478	41478	2014	4	1	240134802	240134817	240134802	240134817	1	153	5	165	12	15.750	97	92.683	NA	60.197	-32.486	24.19	50	15.5	15.03565053	NA	1	1															
240134844	41480	41480	2014	4	1	239160603	240134817	239160603	239159375	1	154	6	166	12	15.617	167	12.564	NA	29.51	16.946	23.08	39	16.5	20.52523808	NA	2	2															
240134845	41480	41480	2014	4	1	239160603	240134817	239160603	239159375	1	154	6	166	12	15.617	115	4.836	NA	34.054	29.218	23.79	48	21.75	21.97841415	NA	2	1															
240134846	41480	41480	2014	4	1	239160603	240134817	239160603	239159375	1	154	6	166	12	15.617	181	10.367	NA	20.613	10.246	24.52	48	18.75	18.94690875	NA	2	1															
240134847	41480	41480	2014	4	1	239160603	240134817	239160603	239159375	1	154	6	166	12	15.617	106	3.713	NA	26.264	22.551	23.9	49	21.75	21.52942938	NA	2	1															
240134848	41480	41480	2014	4	1	239160603	240134817	239160603	239159375	1	154	6	166	12	15.617	99	3.329	NA	16.099	12.77	24.63	52	22.5	20.98565854	NA	2	1															
240134849	41480	41480	2014	4	1	239160603	240134817	239160603	240134817	1	154	6	166	12	15.617	101	2.296	NA	50.405	48.109	23.7	45	18.5	19.94186097	NA	1	2															
240134877	41482	41482	2014	4	1	240151418	239160336	240151418	240134897	1	155	6	167	12	15.383	111	2.284	NA	7.28	4.996	23.19	43	18	20.30627868	NA	2	1															
240134880	41482	41482	2014	4	1	240151418	239160336	240151418	240134897	1	155	6	167	12	15.383	171	5.92	NA	13.479	7.559	23.65	48	19.75	19.95741055	NA	2	1															
240134876	41482	41482	2014	4	1	240151418	239160336	240151418	239160336	1	155	6	167	12	15.383	70	0.813	NA	6.371	5.558	23.99	48.5	21.5	21.50158778	NA	1	1															
240134878	41482	41482	2014	4	1	240151418	239160336	240151418	239160336	1	155	6	167	12	15.383	139	2.543	NA	1.979	-0.564	23.78	47	21	21.6724967	NA	1	1															
240134879	41482	41482	2014	4	1	240151418	239160336	240151418	239160336	1	155	6	167	12	15.383	51	2.584	NA	10.258	7.674	23.64	47.5	20.5	20.93356263	NA	1	1															
240134881	41482	41482	2014	4	1	240151418	239160336	240151418	239160336	1	155	6	167	12	15.383	105	1.021	NA	10.834	9.813	23.93	47.5	18.75	19.14655118	NA	1	1															
262125433	41484	41484	2014	4	1	240134816	240134897	240134816	240134817	1	165	4	177	12	15.917	139	2.63	NA	0.619	-2.011	22.8	35.5	15.25	20.8425742	NA	2	1															
262125430	41484	41484	2014	4	1	240134816	240134897	240134816	240134897	1	165	4	177	12	15.917	57	1.625	NA	3.057	1.432	25.52	55	22.25	19.61942598	NA	1	1															
262125431	41484	41484	2014	4	1	240134816	240134897	240134816	240134897	1	165	4	177	12	15.917	156	8.911	NA	11.981	3.07	25.6	60	24.5	19.80139855	NA	1	1															
262125432	41484	41484	2014	4	1	240134816	240134897	240134816	240134897	1	165	4	177	12	15.917	82	1.901	NA	40.543	38.642	25.32	53	22.25	20.36053886	NA	1	1															
240134828	41485	41485	2014	4	1	240151641	240134814	240151641	240134897	1	151	5	163	12	15.733	178	9.382	NA	24.339	14.957	25.38	58.5	24.5	20.30964297	NA	2	1															
240134829	41485	41485	2014	4	1	240151641	240134814	240151641	240150695	1	151	5	163	12	15.733	91	3.521	NA	32.865	29.344	25.6	60	24.5	19.80139855	NA	2	1															
240134825	41485	41485	2014	4	1	240151641	240134814	240151641	240134814	1	151	5	163	12	15.733	79	2.172	NA	45.622	43.45	25.2	55	22.75	20.06031195	NA	1	1															
240134826	41485	41485	2014	4	1	240151641	240134814	240151641	240134814	1	151	5	163	12	15.733	91	14.947	NA	12.368	-2.579	25.41	58	25.75	21.53005073	NA	1	1															
240134827	41485	41485	2014	4	1	240151641	240134814	240151641	240134814	1	151	5	163	12	15.733	186	5.69	NA	15.29	9.6	24.23	53	22	20.13176876	NA	1	1															
240134832	41486	41486	2014	4	1	235120331	239159375	235120331	240134897	1	153	2	165	12	15.017	56	3.547	NA	47.432	43.885	23.96	54	21.5	19.30952861	NA	2	1															
240134831	41486	41486	2014	4	1	235120331	239159375	235120331	239159375	1	153	2	165	12	15.017	127	2.704	NA	43.834	41.13	25.69	58.5	25.25	20.93136673	NA	1	1															
262125434	41487	41487	2014	4	1	240134820	240150695	240134820	240150695	1	167	5	179	12	15.233	166	7.163	NA	7.574	0.411	25.04	54	24.5	22.00388144	NA	1	1															
262125435	41487	41487	2014	4	1	240134820	240150695	240134820	240150695	1	167	5	179	12	15.233	NA	NA	NA	23.079	NA	24.88	48.5	21.25	21.25156932	NA	1	1															
262125436	41487	41487	2014	4	1	240134820	240150695	240134820	240150695	1	167	5	179	12	15.233	60	4.81	NA	6.811	2.001	25.6	53	24.25	22.19069965	NA	1	1															
262125437	41487	41487	2014	4	1	240134820	240150695	240134820	240150695	1	167	5	179	12	15.233	116	3.725	NA	26.511	22.786	24.32	52	21.75	20.28613659	NA	1	1															
262125438	41487	41487	2014	4	1	240134820	240150695	240134820	240150695	1	167	5	179	12	15.233	NA	NA	NA	24.253	NA	24.7	51	22.75	21.63530985	NA	1	1															
240134866	41489	41489	2014	4	1	240134803	239160615	240134803	240150694	1	154	6	166	12	18.667	89	2.12	NA	7.847	5.727	26.09	55	19.75	17.41499609	NA	2	1															
240134869	41489	41489	2014	4	1	240134803	239160615	240134803	240150694	1	154	6	166	12	18.667	70	3.774	NA	26.344	22.57	26.25	60	21.5	17.3767375	NA	2	1															
240134867	41489	41489	2014	4	1	240134803	239160615	240134803	239160615	1	154	6	166	12	18.667	150	5.426	NA	20.187	14.761	25.13	56	20	17.32020719	NA	1	1															
240134868	41489	41489	2014	4	1	240134803	239160615	240134803	239160615	1	154	6	166	12	18.667	80	2.377	NA	30.798	28.421	25.32	56.5	21.25	18.23970143	NA	1	1															
240134870	41489	41489	2014	4	1	240134803	239160615	240134803	239160615	1	154	6	166	12	18.667	137	6.17	NA	32.911	26.741	25.29	55	19.5	17.1945531	NA	1	1															
240134871	41489	41489	2014	4	1	240134803	239160615	240134803	239160615	1	154	6	166	12	18.667	130	8.295	NA	9.639	1.344	25.31	55	18.75	16.53322414	NA	1	1															
240134872	41491	41491	2014	4	1	240134806	NA	240134806	240150347	1	154	4	166	12	19.017	82	4.01	NA	50.56	46.55	23.46	44	18.75	20.67116074	NA	2	1															
240134873	41491	41491	2014	4	1	240134806	NA	240134806	NA	1	154	4	166	12	19.017	96	5.658	NA	42.314	36.656	23.21	43.5	17.5	19.51506686	NA	2	1															
240134874	41491	41491	2014	4	1	240134806	NA	240134806	NA	1	154	4	166	12	19.017	90	5.93	NA	61.471	55.541	23.19	47	18	18.57642574	NA	2	1															
240134875	41491	41491	2014	4	1	240134806	NA	240134806	240150347	1	154	4	166	12	19.017	106	12.902	NA	47.796	34.894	23.72	44	18.5	20.39554526	NA	2	1															
240134892	41492	41492	2014	4	1	240134811	240150694	240134811	160120139	1	157	5	169	12	15.667	85	8.975	NA	12.656	3.681	23.99	43	20	22.56253187	NA	2	1															
240134893	41492	41492	2014	4	1	240134811	240150694	240134811	240134819	1	157	5	169	12	15.667	104	7.694	NA	11.6	3.906	23.47	47	20	20.64047305	NA	2	1															
240134895	41492	41492	2014	4	1	240134811	240150694	240134811	240150347	1	157	5	169	12	15.667	90	11.359	NA	85.701	74.342	24.13	45.5	20	21.32162253	NA	2	1															
240134896	41492	41492	2014	4	1	240134811	240150694	240134811	240150347	1	157	5	169	12	15.667	90	6.96	NA	16.5	9.54	24.92	48.5	19.5	19.50144008	NA	2	1															
240134894	41492	41492	2014	4	1	240134811	240150694	240134811	240150694	1	157	5	169	12	15.667	109	15.497	NA	27.035	11.538	25	49	22.25	22.02435879	NA	1	1															
262125407	41496	41496	2014	4	2	239160699	240134830	239160699	NA	1	160	6	172	12	15.467	65	3.037	NA	31.549	28.512	21.75	33	14.5	21.32042066	NA	2	2															
262125408	41496	41496	2014	4	2	239160699	240134830	239160699	240134843	1	160	6	172	12	15.467	65	8.571	NA	19.411	10.84	22.99	34	16	22.83335641	NA	2	1															
262125411	41496	41496	2014	4	2	239160699	240134830	239160699	NA	1	160	6	172	12	15.467	163	6.198	NA	23.372	17.174	23.38	35	17	23.56659985	NA	2	1															
262125412	41496	41496	2014	4	2	239160699	240134830	239160699	NA	1	160	6	172	12	15.467	145	3	NA	21.23	18.23	23.18	39	18.25	22.70215727	NA	2	1															
262125409	41496	41496	2014	4	2	239160699	240134830	239160699	240134830	1	160	6	172	12	15.467	76	7.81	NA	17.917	10.107	23.12	34	15.5	22.11981402	NA	1	2															
262125410	41496	41496	2014	4	2	239160699	240134830	239160699	240134830	1	160	6	172	12	15.467	75	1.983	NA	6.683	4.7	22	30	12.75	20.62396653	NA	1	2															
240134862	41497	41497	2014	4	2	240134804	240134818	240134804	NA	1	154	4	166	12	18.000	50	2.883	NA	7.093	4.21	24.69	55	21.75	19.17854	NA	2	1															
240134863	41497	41497	2014	4	2	240134804	240134818	240134804	240134818	1	154	4	166	12	18.000	70	1.684	NA	3.242	1.558	23.5	48	17.5	17.6837815	NA	1	1															
240134864	41497	41497	2014	4	2	240134804	240134818	240134804	240134818	1	154	4	166	12	18.000	111	2.574	NA	11.701	9.127	25.04	50	20.5	19.88586038	NA	1	1															
240134865	41497	41497	2014	4	2	240134804	240134818	240134804	240134818	1	154	4	166	12	18.000	89	2.09	NA	10.268	8.178	23.73	45	19	20.48083019	NA	1	1															
262125416	414105	414105	2014	4	2	240134812	240134843	240134812	NA	1	162	4	174	12	16.000	51	18.902	NA	19.1	0.198	23.91	46	20.5	21.61687521	NA	2	1															
262125413	414105	414105	2014	4	2	240134812	240134843	240134812	240134843	1	162	4	174	12	16.000	77	46.824	NA	28.508	-18.316	22.94	40	15.75	19.10198033	NA	1	1															
262125414	414105	414105	2014	4	2	240134812	240134843	240134812	240134843	1	162	4	174	12	16.000	148	9.664	NA	39.591	29.927	23.58	42	18.5	21.36775968	NA	1	1															
262125415	414105	414105	2014	4	2	240134812	240134843	240134812	240134843	1	162	4	174	12	16.000	94	49.316	NA	24.86	-24.456	22.81	34.5	18	25.31487193	NA	1	2															
263114141	41561	41561	2015	4	1	263114101	263114117	263114101	NA	1	149	4	161	12	16.017	72	4.755	NA	8.392	3.637	23.12	36	18.5	24.93291147	NA	2	1															
263114142	41561	41561	2015	4	1	263114101	263114117	263114101	263114117	1	149	4	161	12	16.017	136	5.819	NA	58.855	53.036	25.31	49	22.25	22.02435879	NA	1	1															
263114143	41561	41561	2015	4	1	263114101	263114117	263114101	263114117	1	149	4	161	12	16.017	178	4.969	NA	32.492	27.523	24.82	46.5	21	21.90576952	NA	1	1															
263114144	41561	41561	2015	4	1	263114101	263114117	263114101	263114117	1	149	4	161	12	16.017	NA	NA	NA	14.715	NA	25.53	50.5	23.25	22.32995097	NA	1	1															
263114157	41565	41565	2015	4	1	263114102	263114122	263114102	240134819	1	151	4	163	12	15.467	88	1.696	NA	13.049	11.353	25.33	48	21.75	21.97841415	NA	2	1															
263114155	41565	41565	2015	4	1	263114102	263114122	263114102	263114122	1	151	4	163	12	15.467	69	4.877	NA	28.621	23.744	25.04	47	21.5	22.18850853	NA	1	1															
263114156	41565	41565	2015	4	1	263114102	263114122	263114102	263114122	1	151	4	163	12	15.467	48	4.573	NA	22.797	18.224	25.32	47	22.5	23.22053218	NA	1	1															
263114158	41565	41565	2015	4	1	263114102	263114122	263114102	263114122	1	151	4	163	12	15.467	39	2.416	NA	30.619	28.203	25.54	48	23	23.2415414	NA	1	1															
263114150	41567	41567	2015	4	1	240134806	263114118	240134806	240150347	1	150	5	162	12	16.417	38	18.626	NA	1.27	-17.356	25.08	43.5	20.25	22.58172022	NA	2	1															
263114151	41567	41567	2015	4	1	240134806	263114118	240134806	240150347	1	150	5	162	12	16.417	64	2.771	NA	0.61	-2.161	25.42	51	20.75	19.73330459	NA	2	1															
263114152	41567	41567	2015	4	1	240134806	263114118	240134806	240150347	1	150	5	162	12	16.417	104	2.613	NA	3.956	1.343	24	37.5	18.5	23.93461402	NA	2	1															
263114153	41567	41567	2015	4	1	240134806	263114118	240134806	240150347	1	150	5	162	12	16.417	96	1.057	NA	15.128	14.071	25.65	47	22.25	22.96252627	NA	2	1															
263114154	41567	41567	2015	4	1	240134806	263114118	240134806	240150347	1	150	5	162	12	16.417	135	1.968	NA	36.544	34.576	24.45	46	19.5	20.56239349	NA	2	1															
263114189	41568	41568	2015	4	1	263114105	240150347	263114105	239160615	1	153	6	165	12	16.700	NA	NA	NA	8.948	NA	25.4	53.5	21.75	19.71680345	NA	2	1															
263114190	41568	41568	2015	4	1	263114105	240150347	263114105	239160615	1	153	6	165	12	16.700	139	4.37	NA	36.183	31.813	25.78	55	24.5	21.60341287	NA	2	1															
263114192	41568	41568	2015	4	1	263114105	240150347	263114105	222154155	1	153	6	165	12	16.700	NA	NA	NA	17.136	NA	24.5	43.5	22.5	25.09080025	NA	2	1															
263114191	41568	41568	2015	4	1	263114105	240150347	263114105	240150347	1	153	6	165	12	16.700	139	7.883	NA	71.309	63.426	25.09	49.5	21.75	21.31174317	NA	1	1															
263114193	41568	41568	2015	4	1	263114105	240150347	263114105	240150347	1	153	6	165	12	16.700	109	1.95	NA	37.903	35.953	25.09	51.5	20	18.83520742	NA	1	1															
263114194	41568	41568	2015	4	1	263114105	240150347	263114105	240150347	1	153	6	165	12	16.700	162	7.392	NA	16.444	9.052	26	54	24.5	22.00388144	NA	1	1															
263114173	41570	41570	2015	4	2	240134820	263114124	240134820	222154155	1	152	4	164	12	16.300	107	3.45	NA	16.025	12.575	24.93	49	22.5	22.2718235	NA	2	1															
263114175	41570	41570	2015	4	2	240134820	263114124	240134820	222154155	1	152	4	164	12	16.300	31	NA	NA	49.9	NA	25.3	51	24	22.82406314	NA	2	1															
263114174	41570	41570	2015	4	2	240134820	263114124	240134820	263114124	1	152	4	164	12	16.300	71	1.576	NA	7.776	6.2	25.09	48	24.25	24.50466865	NA	1	1															
263114176	41570	41570	2015	4	2	240134820	263114124	240134820	263114124	1	152	4	164	12	16.300	73	NA	NA	19.39	NA	24.69	51.5	24	22.6022489	NA	1	1															
263114184	41571	41571	2015	4	2	263114106	160120139	263114106	263114123	1	153	5	165	12	15.933	155	4.435	NA	28.159	23.724	25.61	55.5	21.75	19.00558767	NA	2	1															
263114185	41571	41571	2015	4	2	263114106	160120139	263114106	NA	1	153	5	165	12	15.933	52	1.487	NA	7.124	5.637	25.43	51.5	23.75	22.36680881	NA	2	1															
263114186	41571	41571	2015	4	2	263114106	160120139	263114106	240134843	1	153	5	165	12	15.933	134	8.807	NA	15.046	6.239	26.17	52.5	23.75	21.94035072	NA	2	1															
263114187	41571	41571	2015	4	2	263114106	160120139	263114106	240134843	1	153	5	165	12	15.933	69	1.294	NA	6.614	5.32	25.59	45	21.5	23.17567627	NA	2	1															
263114188	41571	41571	2015	4	2	263114106	160120139	263114106	240134843	1	153	5	165	12	15.933	106	2.154	NA	21.385	19.231	25.33	50	21.5	20.85590235	NA	2	1															
263114167	41572	41572	2015	4	2	263114104	240150692	263114104	240150692	1	152	6	164	12	15.567	102	8.176	NA	3.336	-4.84	25.12	49	20.75	20.53957056	NA	1	1															
263114168	41572	41572	2015	4	2	263114104	240150692	263114104	240150692	1	152	6	164	12	15.567	102	6.352	NA	1.812	-4.54	24.75	46.5	18	18.77637388	NA	1	1															
263114169	41572	41572	2015	4	2	263114104	240150692	263114104	240150692	1	152	6	164	12	15.567	42	2.798	NA	7.688	4.89	25.1	46.5	19.75	20.60185467	NA	1	1															
263114170	41572	41572	2015	4	2	263114104	240150692	263114104	240150692	1	152	6	164	12	15.567	152	0.61	NA	9.496	8.886	24.44	42	18.5	21.36775968	NA	1	1															
263114171	41572	41572	2015	4	2	263114104	240150692	263114104	240150692	1	152	6	164	12	15.567	146	2.884	NA	19.357	16.473	25.13	47.5	20.25	20.67827528	NA	1	1															
263114172	41572	41572	2015	4	2	263114104	240150692	263114104	240150692	1	152	6	164	12	15.567	78	25.986	NA	45.027	19.041	25.43	47.5	21	21.44413732	NA	1	1															
263114130	41574	41574	2015	4	2	240134803	263114116	240134803	239159375	1	148	5	160	12	15.233	112	14.538	NA	51.371	36.833	26.12	47	20.75	21.41449079	NA	2	1															
263114131	41574	41574	2015	4	2	240134803	263114116	240134803	240150347	1	148	5	160	12	15.233	52	0.732	NA	23.134	22.402	25.6	43	19	21.43440528	NA	2	1															
263114132	41574	41574	2015	4	2	240134803	263114116	240134803	239159375	1	148	5	160	12	15.233	61	1.688	NA	12.009	10.321	26.43	47	22	22.70452035	NA	2	1															
263114134	41574	41574	2015	4	2	240134803	263114116	240134803	239159375	1	148	5	160	12	15.233	176	1.176	NA	20.756	19.58	26.34	48.5	23.75	23.75175395	NA	2	1															
263114133	41574	41574	2015	4	2	240134803	263114116	240134803	263114116	1	148	5	160	12	15.233	162	4.484	NA	9.694	5.21	24.1	36	16	21.56359911	NA	1	1															
263114126	41578	41578	2015	4	2	235120331	263114115	235120331	263114115	1	147	4	159	12	15.033	55	12.65	NA	6.808	-5.842	24.47	46.5	20.25	21.12342061	NA	1	1															
263114127	41578	41578	2015	4	2	235120331	263114115	235120331	263114115	1	147	4	159	12	15.033	38	23.694	NA	5.126	-18.568	24.02	38.5	18.25	22.99728841	NA	1	1															
263114128	41578	41578	2015	4	2	235120331	263114115	235120331	263114115	1	147	4	159	12	15.033	125	39.756	NA	10.486	-29.27	24.52	46	20.25	21.35325478	NA	1	1															
263114129	41578	41578	2015	4	2	235120331	263114115	235120331	263114115	1	147	4	159	12	15.033	111	24.596	NA	18.001	-6.595	24.35	44	19.25	21.22239169	NA	1	1															
263114179	41580	41580	2015	4	2	263114107	240134817	263114107	239160336	1	153	5	165	12	15.167	63	1.217	NA	10.64	9.423	26.98	59.5	25.5	20.78298359	NA	2	1															
263114180	41580	41580	2015	4	2	263114107	240134817	263114107	239160336	1	153	5	165	12	15.167	143	3.454	NA	11.14	7.686	26.97	57	25.25	21.48275242	NA	2	1															
263114182	41580	41580	2015	4	2	263114107	240134817	263114107	239160336	1	153	5	165	12	15.167	86	4.754	NA	22.584	17.83	26.92	58	24	20.0668434	NA	2	1															
263114183	41580	41580	2015	4	2	263114107	240134817	263114107	239160336	1	153	5	165	12	15.167	143	3.007	NA	21.437	18.43	26.49	60	27	21.82194942	NA	2	1															
263114181	41580	41580	2015	4	2	263114107	240134817	263114107	240134817	1	153	5	165	12	15.167	58	7.277	NA	9.662	2.385	26.4	51.5	22.75	21.42504844	NA	1	1															
262125594	41583	41583	2015	4	2	240134808	239160336	240134808	240134843	1	157	5	169	12	16.483	97	2.227	NA	16.345	14.118	25.81	54	21.25	19.08499921	NA	2	1															
262125595	41583	41583	2015	4	2	240134808	239160336	240134808	240134843	1	157	5	169	12	16.483	160	2.533	NA	26.616	24.083	25.73	54	22	19.75858741	NA	2	2															
262125596	41583	41583	2015	4	2	240134808	239160336	240134808	240134843	1	157	5	169	12	16.483	37	0.967	NA	25.64	24.673	26.12	56.5	23	19.74179448	NA	2	1															
262125597	41583	41583	2015	4	2	240134808	239160336	240134808	240134843	1	157	5	169	12	16.483	105	1.214	NA	4.936	3.722	24.89	51.5	22.5	21.18960835	NA	2	1															
262125598	41583	41583	2015	4	2	240134808	239160336	240134808	240134843	1	157	5	169	12	16.483	160	2.157	NA	16.961	14.804	25.12	53.5	21	19.03691367	NA	2	2															
263114159	41586	41586	2015	4	2	240151641	239159375	240151641	240134897	1	151	5	163	12	16.200	71	NA	NA	8.999	NA	27.04	58	24.25	20.27587302	NA	2	1															
263114160	41586	41586	2015	4	2	240151641	239159375	240151641	240134897	1	151	5	163	12	16.200	162	8.244	NA	3.065	-5.179	26.9	56	25.5	22.08326417	NA	2	1															
263114162	41586	41586	2015	4	2	240151641	239159375	240151641	240134897	1	151	5	163	12	16.200	167	6.549	NA	20.015	13.466	26.17	54	25	22.45294024	NA	2	1															
263114163	41586	41586	2015	4	2	240151641	239159375	240151641	240134897	1	151	5	163	12	16.200	172	3.386	NA	11.728	8.342	26.65	57.5	26.5	22.35000464	NA	2	1															
263114161	41586	41586	2015	4	2	240151641	239159375	240151641	239159375	1	151	5	163	12	16.200	75	0.995	NA	29.944	28.949	27.09	58	28	23.4113173	NA	1	1															
263114145	41587	41587	2015	4	2	240150099	263114121	240150099	263114121	1	150	4	162	12	15.267	79	5.006	NA	17.577	12.571	25.5	48	23.25	23.49416685	NA	1	1															
263114146	41587	41587	2015	4	2	240150099	263114121	240150099	263114121	1	150	4	162	12	15.267	102	0.716	NA	15.27	14.554	25.8	51	24.75	23.53731512	NA	1	1															
263114147	41587	41587	2015	4	2	240150099	263114121	240150099	263114121	1	150	4	162	12	15.267	133	5.168	NA	18.525	13.357	25.88	48	23	23.2415414	NA	1	1															
263114148	41587	41587	2015	4	2	240150099	263114121	240150099	263114121	1	150	4	162	12	15.267	35	1.93	NA	34.875	32.945	24.56	46	22.25	23.46221822	NA	1	1															
262125583	41589	41589	2015	4	2	263114112	240151935	263114112	240151935	1	157	6	169	12	15.650	88	0.814	NA	4.404	3.59	25.75	57.5	19.5	16.44622983	NA	1	1															
262125589	41589	41589	2015	4	2	263114112	240151935	263114112	240151935	1	157	6	169	12	15.650	144	10.315	NA	8.038	-2.277	25.6	56.5	22.75	19.52720976	NA	1	1															
262125590	41589	41589	2015	4	2	263114112	240151935	263114112	240151935	1	157	6	169	12	15.650	137	10.278	NA	9.742	-0.536	26.15	57.5	21.25	17.92217353	NA	1	1															
262125591	41589	41589	2015	4	2	263114112	240151935	263114112	240151935	1	157	6	169	12	15.650	50	0.61	NA	10.804	10.194	25.8	53.5	20.75	18.81028375	NA	1	1															
262125592	41589	41589	2015	4	2	263114112	240151935	263114112	240151935	1	157	6	169	12	15.650	170	8.63	NA	30.811	22.181	25.16	52	20.75	19.35344065	NA	1	1															
262125593	41589	41589	2015	4	2	263114112	240151935	263114112	240151935	1	157	6	169	12	15.650	107	0.61	NA	8.189	7.579	25.61	58	23.25	19.43975454	NA	1	1															
160119275	41590	41590	2015	4	2	240134815	239160615	240134815	160120139	1	154	5	166	12	15.217	75	1.462	NA	3.934	2.472	25.1	48.5	20.75	20.7515324	NA	2	1															
160119276	41590	41590	2015	4	2	240134815	239160615	240134815	160120139	1	154	5	166	12	15.217	91	1.654	NA	6.599	4.945	26.09	57	23.75	20.20654931	NA	2	1															
160119277	41590	41590	2015	4	2	240134815	239160615	240134815	160120139	1	154	5	166	12	15.217	145	5.742	NA	29.475	23.733	25.72	54	23.25	20.88123442	NA	2	1															
160119278	41590	41590	2015	4	2	240134815	239160615	240134815	160120139	1	154	5	166	12	15.217	128	4.91	NA	11.269	6.359	25.68	49	22.75	22.5192882	NA	2	1															
160119279	41590	41590	2015	4	2	240134815	239160615	240134815	160120139	1	154	5	166	12	15.217	32	0.857	NA	11.014	10.157	26.16	55	23.25	20.50119793	NA	2	1															
262125579	41591	41591	2015	4	1	263114110	222154155	263114110	239160615	1	155	4	167	12	16.217	50	1.585	NA	25.656	24.071	26.22	58	24	20.0668434	NA	2	1															
262125580	41591	41591	2015	4	1	263114110	222154155	263114110	222154155	1	155	4	167	12	16.217	114	2.244	NA	11.076	8.832	25.91	58.5	23.75	19.6879192	NA	1	1															
262125581	41591	41591	2015	4	1	263114110	222154155	263114110	222154155	1	155	4	167	12	16.217	64	4.502	NA	1.329	-3.173	26.43	58	26.25	21.94810996	NA	1	1															
262125582	41591	41591	2015	4	1	263114110	222154155	263114110	222154155	1	155	4	167	12	16.217	82	3.346	NA	14.803	11.457	25.6	57	25.75	21.90815346	NA	1	1															
262125585	41594	41594	2015	4	1	263114109	239160732	263114109	263114124	1	156	5	168	12	15.150	74	6.905	NA	NA	NA	25.05	51	23.75	22.58631248	NA	2	1															
262125586	41594	41594	2015	4	1	263114109	239160732	263114109	263114124	1	156	5	168	12	15.150	134	5.484	NA	7.829	2.345	26.23	56	25	21.65025899	NA	2	1															
262125587	41594	41594	2015	4	1	263114109	239160732	263114109	263114124	1	156	5	168	12	15.150	38	1.219	NA	19.719	18.5	25.2	52	22.75	21.21883252	NA	2	1															
262125584	41594	41594	2015	4	1	263114109	239160732	263114109	239160732	1	156	5	168	12	15.150	90	2.797	NA	8.398	5.601	26.25	50.5	24.5	23.53048597	NA	1	1															
262125588	41594	41594	2015	4	1	263114109	239160732	263114109	239160732	1	156	5	168	12	15.150	119	3.922	NA	16.553	12.631	24.54	51	22	20.92205788	NA	1	1															
262125573	41596	41596	2015	4	1	263114111	263114140	263114111	263114140	1	155	6	167	12	15.450	147	3.552	NA	5.674	2.122	25.97	54.5	21.75	19.35466737	NA	1	1															
262125574	41596	41596	2015	4	1	263114111	263114140	263114111	263114140	1	155	6	167	12	15.450	49	1.874	NA	2.029	0.155	25.09	45	19.25	20.7503148	NA	1	1															
262125575	41596	41596	2015	4	1	263114111	263114140	263114111	263114140	1	155	6	167	12	15.450	98	3.28	NA	4.679	1.399	25.15	51	20.75	19.73330459	NA	1	1															
262125576	41596	41596	2015	4	1	263114111	263114140	263114111	263114140	1	155	6	167	12	15.450	112	3.582	NA	1.046	-2.536	26.11	56	24	20.78424863	NA	1	1															
262125577	41596	41596	2015	4	1	263114111	263114140	263114111	263114140	1	155	6	167	12	15.450	74	1.094	NA	0.86	-0.234	26.09	54.5	23.25	20.68947202	NA	1	1															
262125578	41596	41596	2015	4	1	263114111	263114140	263114111	263114140	1	155	6	167	12	15.450	38	3.111	NA	6.207	3.096	25.46	49.5	21	20.57685547	NA	1	1															
263114195	415103	415103	2015	4	1	263114108	239160694	263114108	NA	1	153	5	165	12	17.517	71	3.101	NA	17.724	14.623	26.18	58	23.5	19.64878416	NA	2	1															
263114196	415103	415103	2015	4	1	263114108	239160694	263114108	NA	1	153	5	165	12	17.517	121	3.618	NA	13.637	10.019	26.29	58	22.5	18.81266568	NA	2	1															
263114197	415103	415103	2015	4	1	263114108	239160694	263114108	263114125	1	153	5	165	12	17.517	73	0.76	NA	13.63	12.87	26.39	55	24	21.16252689	NA	2	1															
263114198	415103	415103	2015	4	1	263114108	239160694	263114108	263114125	1	153	5	165	12	17.517	179	4.6	NA	49.671	45.071	25.3	51	21.75	20.68430722	NA	2	1															
263114199	415103	415103	2015	4	1	263114108	239160694	263114108	263114125	1	153	5	165	12	17.517	176	4.745	NA	9.265	4.52	25.48	56	23.5	20.35124345	NA	2	1															
263114149	415104	415104	2015	4	1	240151720	263114125	240151720	263114125	1	150	1	162	12	16.150	58	NA	NA	10.061	NA	25.24	51	21	19.97105525	NA	1	2															
263114164	415105	415105	2015	4	1	263114103	263114123	263114103	263114122	1	151	3	163	12	17.000	69	1.418	NA	12.307	10.889	24.9	48.5	21	21.00155086	NA	2	1															
263114165	415105	415105	2015	4	1	263114103	263114123	263114103	NA	1	151	3	163	12	17.000	91	NA	NA	NA	NA	25.28	47	20.75	21.41449079	NA	2	1															
263114166	415105	415105	2015	4	1	263114103	263114123	263114103	263114123	1	151	3	163	12	17.000	73	NA	NA	NA	NA	24.68	50	20.25	19.64334988	NA	1	1															
160119274	415106	415106	2015	4	1	259122322	240134843	259122322	240150347	1	153	2	165	12	17.933	85	4.215	NA	68.786	64.571	26.09	57	21.75	18.50494515	NA	2	1															
263114200	415106	415106	2015	4	1	259122322	240134843	259122322	240134843	1	153	2	165	12	17.933	114	1.777	NA	20.358	18.581	26.69	62	24.25	18.96648217	NA	1	1															
212110201	6155	61595	2015	6	2	263114442	263113852	240150054	259122308	2	158	1	170	12	12.917	54	15.99	NA	10.58	-5.41	25.3	52	19.5	18.18757073	NA	2	NA															
263113878	6159	6159	2015	6	2	239160931	263114408	239160931	263114408	1	156	3	168	12	13.633	28	0.61	NA	11.64	11.03	25.6	59	20.75	17.05510702	NA	1	1															
263113879	6159	61559	2015	6	2	239160931	263114408	263114404	NA	2	156	3	168	12	13.633	102	0.61	NA	36.55	35.94	26.3	63	22	16.93331114	NA	2	1															
263113880	6159	6159	2015	6	2	239160931	263114408	239160931	263113812	1	156	3	168	12	13.633	66	0.61	NA	30.44	29.83	26.1	60	24.25	19.59934346	NA	2	1															
212110202	61511	61550	2015	6	2	240150642	160120693	232173269	263113818	2	158	5	170	12	13.517	131	116.64	NA	92.04	-24.60	24.7	50	14.5	14.06560856	NA	1	2															
212110203	61511	61550	2015	6	2	240150642	160120693	232173269	263114178	2	158	5	170	12	13.517	184	132.01	NA	31.31	-100.70	25.2	56	20.75	17.96971496	NA	2	1															
212110204	61511	61511	2015	6	2	240150642	160120693	240150642	160120693	1	158	5	170	12	13.517	65	7.86	NA	NA	NA	23.9	50	17	16.49071348	NA	1	2															
212110205	61511	61550	2015	6	2	240150642	160120693	232173269	160120693	2	158	5	170	12	13.517	187	22.14	NA	125.57	103.43	24.1	56	20	17.32020719	NA	2	1															
212110206	61511	61511	2015	6	2	240150642	160120693	240150642	240151835	1	158	5	170	12	13.517	226	37.82	NA	43.95	6.13	24.9	50	17.5	16.97573447	NA	1	2															
212110207	61516	61516	2015	6	2	240150055	263113822	240150055	263113822	1	158	4	170	12	14.183	119	3.23	NA	50.67	47.44	25.9	62	23.4	18.30167764	NA	1	1															
212110208	61516	61548	2015	6	2	240150055	263113822	239160801	NA	2	158	4	170	12	14.183	62	3.29	NA	41.41	38.12	24.9	56	23.25	20.13474086	NA	1	1															
212110209	61516	61516	2015	6	2	240150055	263113822	240150055	263113822	1	158	4	170	12	14.183	30	1.73	NA	58.55	56.82	26.4	58	24	20.0668434	NA	1	1															
212110210	61516	61548	2015	6	2	240150055	263113822	239160801	263113821	2	158	4	170	12	14.183	86	0.77	NA	47.74	46.97	25.5	58	22.75	19.0216953	NA	2	1															
212110211	61517	NA	2015	6	2	263114412	239159759	NA	NA	2	158	5	170	12	14.917	220	14.09	NA	17.25	3.16	26.2	58	23	19.23072492	NA	NA	NA															
212110212	61517	61517	2015	6	2	263114412	239159759	263114412	NA	1	158	5	170	12	14.917	164	2.53	NA	40.30	37.76	25.7	57	22.75	19.35574723	NA	2	1															
212110213	61517	61517	2015	6	2	263114412	239159759	263114412	239159759	1	158	5	170	12	14.917	126	3.71	NA	16.05	12.34	27.1	63	25	19.24239903	NA	1	1															
212110214	61517	NA	2015	6	2	263114412	239159759	NA	NA	2	158	5	170	12	14.917	85	3.53	NA	58.48	54.95	26	57	22.75	19.35574723	NA	NA	NA															
212110215	61517	NA	2015	6	2	263114412	239159759	NA	NA	2	158	5	170	12	14.917	52	1.90	NA	31.70	29.80	26.8	57	23.25	19.78114827	NA	NA	NA															
263114466	61518	61539	2015	6	2	259122326	263113812	160120226	240150058	2	155	5	167	12	13.367	NA	1.62	NA	60.61	58.99	24.5	55	20	17.63543908	NA	2	1															
263114467	61518	61518	2015	6	2	259122326	263113812	259122326	263113812	1	155	5	167	12	13.367	122	NA	NA	87.08	NA	25.3	57	22.5	19.14304671	NA	1	1															
263114468	61518	61539	2015	6	2	259122326	263113812	160120226	NA	2	155	5	167	12	13.367	94	0.96	NA	56.27	55.31	23.3	46	18.25	19.24429135	NA	2	1															
263114469	61518	61539	2015	6	2	259122326	263113812	160120226	263114425	2	155	5	167	12	13.367	43	10.57	NA	39.55	28.98	23.8	54	21	18.8604698	NA	1	1															
263114470	61518	NA	2015	6	2	259122326	263113812	NA	NA	2	155	5	167	12	13.367	56	11.76	NA	54.95	43.19	25	56.5	22.25	19.09804032	NA	NA	NA															
263114459	61523	61523	2015	6	2	246151951	263113819	246151951	259122676	1	155	7	167	12	12.667	42	1.99	NA	92.17	90.18	24.1	53	19	17.38652756	NA	2	2															
263114460	61523	NA	2015	6	2	246151951	263113819	NA	NA	2	155	7	167	12	12.667	113	9.16	NA	81.47	72.31	25.4	56	21.5	18.61922273	NA	NA	NA															
263114461	61523	61523	2015	6	2	246151951	263113819	NA	NA	1	155	7	167	12	12.667	123	35.34	NA	91.31	55.96	25.1	53	20.5	18.75914816	NA	NA	1															
263114462	61523	61523	2015	6	2	246151951	263113819	246151951	263113819	1	155	7	167	12	12.667	52	4.35	NA	64.21	59.87	24.2	51	22	20.92205788	NA	1	2															
263114463	61523	NA	2015	6	2	246151951	263113819	NA	NA	2	155	7	167	12	12.667	42	5.07	NA	71.63	66.56	24.7	56	21	18.18621755	NA	NA	NA															
263114464	61523	NA	2015	6	2	246151951	263113819	NA	NA	2	155	7	167	12	12.667	52	11.43	NA	85.06	73.64	24.2	51	20.5	19.49555393	NA	NA	NA															
263114465	61523	61523	2015	6	2	246151951	263113819	246151951	263113819	1	155	7	167	12	12.667	30	2.74	NA	49.65	46.90	23.8	45	19.5	21.01979941	NA	1	1															
263113896	61524	615106	2015	6	2	240150052	239160674	160120626	NA	2	157	3	169	12	14.617	108	4.60	NA	7.39	2.79	26.3	57	25.25	21.48275242	NA	2	1															
263113897	61524	615106	2015	6	2	240150052	239160674	160120626	NA	2	157	3	169	12	14.617	43	3.66	NA	27.19	23.52	25.9	58	22.75	19.0216953	NA	2	1															
263113898	61524	61524	2015	6	2	240150052	239160674	240150052	239160704	1	157	3	169	12	14.617	54	12.33	NA	35.67	23.34	25.6	58	22.25	18.60363607	NA	2	1															
263114445	61526	61593	2015	6	NA	240150093	263114120	263114119	259122308	2	153	6	165	12	12.500	110	9.11	NA	12.14	3.02	24.5	57	22	18.71764567	NA	2	NA															
263114446	61526	61526	2015	6	NA	240150093	263114120	240150093	239160704	1	153	6	165	12	12.500	140	4.72	NA	35.05	30.33	23.8	49.5	18	17.63730469	NA	2	NA															
263114447	61526	61593	2015	6	NA	240150093	263114120	263114119	259122308	2	153	6	165	12	12.500	28	12.99	NA	37.96	24.97	21.25	58	24.2	20.23406709	NA	2	NA															
263114448	61526	61593	2015	6	NA	240150093	263114120	263114119	259122308	2	153	6	165	12	12.500	178	6.04	NA	45.52	39.47	25.1	45	23	24.79258391	NA	2	NA															
263114449	61526	61526	2015	6	NA	240150093	263114120	240150093	239160704	1	153	6	165	12	12.500	36	0.61	NA	47.39	46.78	22.6	56	18	15.58818647	NA	2	NA															
263114450	61526	61526	2015	6	NA	240150093	263114120	240150093	263113815	1	153	6	165	12	12.500	50	2.30	NA	45.96	43.66	23.1	48	19	19.1995342	NA	2	NA															
88004717	61528	615126	2015	6	2	263114415	263113815	260114209	263114177	2	158	4	170	12	14.617	29	0.61	NA	43.12	42.51	24.4	61.5	23	18.13522652	NA	1	1															
88004718	61528	615126	2015	6	2	263114415	263113815	260114209	263114177	2	158	4	170	12	14.617	92	4.24	NA	36.03	31.79	25	61	25.5	20.27141988	NA	1	1															
88004719	61528	615126	2015	6	2	263114415	263113815	260114209	263114177	2	158	4	170	12	14.617	98	0.81	NA	31.15	30.34	24.6	59	24	19.72638884	NA	1	1															
88004720	61528	61528	2015	6	2	263114415	263113815	263114415	263113815	1	158	4	170	12	14.617	29	6.98	NA	25.57	18.58	25.2	58	24.5	20.48490263	NA	1	1															
263114476	61530	NA	2015	6	2	263113811	263113823	NA	NA	2	155	3	167	12	15.017	43	2.90	NA	22.11	19.20	25.2	60	21.75	17.57879259	NA	NA	NA															
263114477	61530	61530	2015	6	2	263113811	263113823	263113811	263113823	1	155	3	167	12	15.017	35	0.61	NA	32.45	31.84	23.6	46	20.75	21.88049564	NA	1	1															
263114478	61530	61530	2015	6	2	263113811	263113823	263113811	263113823	1	155	3	167	12	15.017	24	1.15	NA	8.25	7.10	25.3	56	24	20.78424863	NA	1	1															
263114492	61543	61520	2015	6	2	240150080	259122676	263114413	263114120	2	158	6	170	12	13.000	43	0.97	NA	40.31	39.33	25.1	58.5	21.75	18.02998916	NA	2	1															
263114493	61543	61520	2015	6	2	240150080	259122676	263114413	263114411	2	158	6	170	12	13.000	90	1.36	NA	22.98	21.62	24.6	60	20.5	16.56851716	NA	1	1															
263114494	61543	61520	2015	6	2	240150080	259122676	263114413	263114120	2	158	6	170	12	13.000	33	3.79	NA	30.79	27.00	23.7	56	21.5	18.61922273	NA	2	1															
263114495	61543	61543	2015	6	1	240150080	259122676	240150080	259122676	1	158	6	170	12	13.000	93	5.07	NA	39.71	34.64	25.2	61	19.25	15.30293462	NA	1	1															
263114496	61543	61543	2015	6	1	240150080	259122676	240150080	259122676	1	158	6	170	12	13.000	140	3.75	NA	25.00	21.26	25.2	61	22.5	17.88654695	NA	1	1															
263114497	61543	61543	2015	6	1	240150080	259122676	240150080	239160674	1	158	6	170	12	13.000	139	7.35	NA	44.44	37.09	25	53.5	24	21.75647277	NA	2	1															
232146901	61548	61548	2015	6	1	239160801	263113821	239160801	160120284	1	158	4	170	12	12.967	100	8.95	NA	40.96	32.01	25	52	21.25	19.81978862	NA	2	1															
232146902	61548	61516	2015	6	2	239160801	263113821	240150055	263113822	2	158	4	170	12	12.967	60	10.30	NA	24.92	14.62	26.4	52	22.5	20.98565854	NA	1	1															
232146903	61548	61516	2015	6	2	239160801	263113821	240150055	263113822	2	158	4	170	12	12.967	60	3.24	NA	36.15	32.92	24.8	56	22.75	19.70173568	NA	1	1															
232146904	61548	61548	2015	6	1	239160801	263113821	239160801	NA	1	158	4	170	12	12.967	130	5.81	NA	22.33	16.53	25.7	48	22.75	22.98891595	NA	2	1															
263114471	61554	61525	2015	6	2	263114405	240150056	263114407	240150061	2	155	5	167	12	NA	25	4.07	NA	4.42	0.35	22	41	21.25	25.14329192	NA	1	1															
263114472	61554	61525	2015	6	2	263114405	240150056	263114407	240150061	2	155	5	167	12	NA	105	4.95	NA	50.63	45.68	24.8	50	23	22.3109653	NA	1	1															
263114473	61554	61525	2015	6	2	263114405	240150056	263114407	240150061	2	155	5	167	12	NA	26	6.34	NA	21.58	15.24	22.8	42	19.5	22.52277372	NA	1	1															
263114474	61554	61554	2015	6	1	263114405	240150056	263114405	240150056	1	155	5	167	12	NA	70	8.69	NA	36.01	27.32	25.3	49	21.25	21.03449997	NA	1	1															
263114475	61554	61554	2015	6	1	263114405	240150056	263114405	240150056	1	155	5	167	12	NA	106	4.29	NA	32.47	28.18	23.8	42	22	25.41030881	NA	1	1															
263113890	61587	NA	2015	6	NA	240150077	263113816	NA	NA	2	157	6	169	12	12.900	118	3.98	NA	42.63	38.65	26.2	54	21.75	19.53405801	NA	NA	NA															
263113891	61587	61587	2015	6	1	240150077	263113816	240150077	263113816	1	157	6	169	12	12.900	28	2.30	NA	84.80	82.50	23.7	47	20.75	21.41449079	NA	1	2															
263113892	61587	NA	2015	6	NA	240150077	263113816	NA	NA	2	157	6	169	12	12.900	60	3.74	NA	50.67	46.94	26.2	55	21.25	18.73765402	NA	NA	NA															
263113893	61587	NA	2015	6	NA	240150077	263113816	NA	NA	2	157	6	169	12	12.900	70	8.81	NA	87.48	78.67	26	53	21.25	19.44545846	NA	NA	NA															
263113894	61587	61587	2015	6	1	240150077	263113816	240150077	263113816	1	157	6	169	12	12.900	28	6.47	NA	85.85	79.37	26.8	53	24.5	22.41946975	NA	1	1															
263113895	61587	61587	2015	6	1	240150077	263113816	240150077	263113816	1	157	6	169	12	12.900	84	11.35	NA	69.76	58.41	25.2	45	19.5	21.01979941	NA	1	2															
263113837	61593	61593	2015	6	NA	263114119	240151835	263114119	259122308	1	153	6	165	12	13.367	110	19.07	NA	33.99	14.92	25.1	53	22.5	20.58930895	NA	2	NA															
263113838	61593	61526	2015	6	NA	263114119	240151835	240150093	263114120	2	153	6	165	12	13.367	55	0.93	NA	15.12	14.18	23.75	42	18.75	21.65651319	NA	1	NA															
263113839	61593	61593	2015	6	NA	263114119	240151835	263114119	240151835	1	153	6	165	12	13.367	89	1.07	NA	27.40	26.32	25.6	48	22.5	22.7362905	NA	1	NA															
263113840	61593	61526	2015	6	NA	263114119	240151835	240150093	NA	2	153	6	165	12	13.367	46	0.73	NA	8.14	7.42	25.1	43.5	20.25	22.58172022	NA	2	NA															
263113841	61593	NA	2015	6	NA	263114119	240151835	NA	NA	2	153	6	165	12	13.367	65	0.61	NA	14.07	13.46	23.8	40.5	21	25.15455748	NA	NA	NA															
263113842	61593	61526	2015	6	NA	263114119	240151835	240150093	NA	2	153	6	165	12	13.367	130	5.50	NA	24.91	19.41	23.1	43.5	20.75	23.13929356	NA	2	NA															
232146912	61595	6155	2015	6	2	240150054	263113817	263114442	263113852	2	158	5	170	12	14.717	62	16.58	NA	17.73	1.15	26.8	59	22	18.08252311	NA	1	1															
232146913	61595	6155	2015	6	2	240150054	263113817	263114442	263113852	2	158	5	170	12	14.717	144	4.44	NA	10.59	6.15	27	62	22.25	17.40223622	NA	1	1															
232146914	61595	6155	2015	6	2	240150054	263113817	263114442	263113852	2	158	5	170	12	14.717	146	1.60	NA	9.41	7.81	26.6	56	23	19.91823827	NA	1	1															
232146915	61595	61595	2015	6	1	240150054	263113817	240150054	240150056	1	158	5	170	12	14.717	84	9.81	NA	55.73	45.93	26.3	52	21.75	20.28613659	NA	2	1															
232146916	61595	61595	2015	6	1	240150054	263113817	240150054	263113817	1	158	5	170	12	14.717	143	0.61	NA	47.19	46.58	26.6	56	23.25	20.13474086	NA	1	1															
232146906	61598	NA	2015	6	NA	240150068	263114178	NA	NA	2	158	6	170	12	13.950	271	NA	NA	5.84	NA	25.7	51	18	17.11804736	NA	NA	NA															
232146907	61598	NA	2015	6	NA	240150068	263114178	NA	NA	2	158	6	170	12	13.950	214	NA	NA	45.66	NA	25.8	46	18.5	19.50791178	NA	NA	NA															
232146908	61598	61598	2015	6	1	240150068	263114178	240150068	NA	1	158	6	170	12	13.950	142	10.25	NA	46.69	36.44	25.8	52	24.75	23.08422439	NA	2	1															
232146909	61598	61598	2015	6	1	240150068	263114178	240150068	NA	1	158	6	170	12	13.950	170	14.03	NA	47.38	33.35	25	47	18.5	19.09243757	NA	2	1															
232146910	61598	NA	2015	6	NA	240150068	263114178	NA	NA	2	158	6	170	12	13.950	112	3.99	NA	63.05	59.07	26.2	53	21.75	19.90299866	NA	NA	NA															
232146911	61598	NA	2015	6	NA	240150068	263114178	NA	NA	2	158	6	170	12	13.950	63	6.32	NA	59.82	53.50	25.2	50	19.5	18.91581841	NA	NA	NA															
263114488	615106	615106	2015	6	1	160120626	259122383	160120626	NA	1	157	4	169	12	13.800	114	2.89	NA	1.55	-1.34	22.1	35	15.5	21.48719398	NA	2	2															
263114489	615106	615106	2015	6	1	160120626	259122383	160120626	NA	1	157	4	169	12	13.800	29	3.13	NA	8.84	5.71	24.2	49.5	21.5	21.0667806	NA	2	1															
263114490	615106	61524	2015	6	2	160120626	259122383	240150052	NA	2	157	4	169	12	13.800	22	0.94	NA	50.46	49.52	22	36	14	18.86814922	NA	2	2															
263114491	615106	61524	2015	6	2	160120626	259122383	240150052	239160704	2	157	4	169	12	13.800	96	13.61	NA	25.60	11.99	22.2	45	22.25	23.98413009	NA	2	1															
88004715	615126	61528	2015	6	2	260114209	263114177	263114415	263113815	2	158	5	170	12	13.850	112	7.20	NA	30.46	23.26	24.5	58	22.5	18.81266568	NA	1	1															
88004716	615126	615126	2015	6	1	260114209	263114177	260114209	NA	1	158	5	170	12	13.850	35	10.97	NA	24.59	13.62	24.6	56	22.75	19.70173568	NA	2	1															
263114498	615126	61528	2015	6	2	260114209	263114177	263114415	263113815	2	158	5	170	12	13.850	137	4.26	NA	32.54	28.28	25.2	57	22.5	19.14304671	NA	1	1															
263114499	615126	615126	2015	6	1	260114209	263114177	260114209	263114177	1	158	5	170	12	13.850	46	7.65	NA	20.51	12.86	23.4	56	22	19.05222791	NA	1	1															
263114500	615126	61528	2015	6	2	260114209	263114177	263114415	263113815	2	158	5	170	12	13.850	86	10.48	NA	35.00	24.52	25.3	60	23.75	19.19523329	NA	1	1															
																																										
																																										
																																										
																																										
																																										
