ID	FATHER	MOTHER																																												
160118769	NA	NA																																												
160120102	NA	NA																																												
160120104	NA	NA																																												
160120131	NA	NA																																												
160120139	NA	NA																																												
160120226	NA	NA																																												
160120284	NA	NA																																												
160120373	NA	NA																																												
160120584	NA	NA																																												
160120626	NA	NA																																												
160120672	NA	NA																																												
160120693	NA	NA																																												
160120820	NA	NA																																												
160120824	NA	NA																																												
160120825	NA	NA																																												
185142392	NA	NA																																												
191123955	NA	NA																																												
191123962	NA	NA																																												
191123985	NA	NA																																												
212110211	NA	NA																																												
212110214	NA	NA																																												
212110215	NA	NA																																												
222153336	NA	NA																																												
222153369	NA	NA																																												
222153407	NA	NA																																												
222154155	NA	NA																																												
222154163	NA	NA																																												
222154169	NA	NA																																												
222154531	NA	NA																																												
222154542	NA	NA																																												
222154848	NA	NA																																												
232146906	NA	NA																																												
232146907	NA	NA																																												
232146910	NA	NA																																												
232146911	NA	NA																																												
232173070	NA	NA																																												
232173199	NA	NA																																												
232173269	NA	NA																																												
232173449	NA	NA																																												
235120331	NA	NA																																												
239152301	NA	NA																																												
239152851	NA	NA																																												
239159375	NA	NA																																												
239159553	NA	NA																																												
239159631	NA	NA																																												
239159636	NA	NA																																												
239159759	NA	NA																																												
239160336	NA	NA																																												
239160574	NA	NA																																												
239160603	NA	NA																																												
239160614	NA	NA																																												
239160615	NA	NA																																												
239160622	NA	NA																																												
239160641	NA	NA																																												
239160674	NA	NA																																												
239160694	NA	NA																																												
239160699	NA	NA																																												
239160704	NA	NA																																												
239160732	NA	NA																																												
239160801	NA	NA																																												
239160931	NA	NA																																												
240134801	NA	NA																																												
240134802	NA	NA																																												
240134803	NA	NA																																												
240134804	NA	NA																																												
240134805	NA	NA																																												
240134806	NA	NA																																												
240134808	NA	NA																																												
240134811	NA	NA																																												
240134812	NA	NA																																												
240134814	NA	NA																																												
240134815	NA	NA																																												
240134816	NA	NA																																												
240134817	NA	NA																																												
240134818	NA	NA																																												
240134819	NA	NA																																												
240134820	NA	NA																																												
240134830	NA	NA																																												
240134843	NA	NA																																												
240134887	NA	NA																																												
240134897	NA	NA																																												
240150052	NA	NA																																												
240150054	NA	NA																																												
240150055	NA	NA																																												
240150056	NA	NA																																												
240150058	NA	NA																																												
240150061	NA	NA																																												
240150068	NA	NA																																												
240150077	NA	NA																																												
240150080	NA	NA																																												
240150093	NA	NA																																												
240150099	NA	NA																																												
240150120	NA	NA																																												
240150264	NA	NA																																												
240150265	NA	NA																																												
240150266	NA	NA																																												
240150268	NA	NA																																												
240150275	NA	NA																																												
240150280	NA	NA																																												
240150281	NA	NA																																												
240150282	NA	NA																																												
240150290	NA	NA																																												
240150294	NA	NA																																												
240150296	NA	NA																																												
240150297	NA	NA																																												
240150298	NA	NA																																												
240150299	NA	NA																																												
240150310	NA	NA																																												
240150315	NA	NA																																												
240150325	NA	NA																																												
240150330	NA	NA																																												
240150338	NA	NA																																												
240150342	NA	NA																																												
240150347	NA	NA																																												
240150352	NA	NA																																												
240150406	NA	NA																																												
240150429	NA	NA																																												
240150435	NA	NA																																												
240150566	NA	NA																																												
240150642	NA	NA																																												
240150676	NA	NA																																												
240150677	NA	NA																																												
240150692	NA	NA																																												
240150694	NA	NA																																												
240150695	NA	NA																																												
240150736	NA	NA																																												
240150868	NA	NA																																												
240150945	NA	NA																																												
240150989	NA	NA																																												
240151278	NA	NA																																												
240151301	NA	NA																																												
240151340	NA	NA																																												
240151371	NA	NA																																												
240151418	NA	NA																																												
240151451	NA	NA																																												
240151479	NA	NA																																												
240151501	NA	NA																																												
240151502	NA	NA																																												
240151503	NA	NA																																												
240151504	NA	NA																																												
240151505	NA	NA																																												
240151507	NA	NA																																												
240151509	NA	NA																																												
240151512	NA	NA																																												
240151514	NA	NA																																												
240151516	NA	NA																																												
240151517	NA	NA																																												
240151519	NA	NA																																												
240151523	NA	NA																																												
240151525	NA	NA																																												
240151526	NA	NA																																												
240151528	NA	NA																																												
240151529	NA	NA																																												
240151530	NA	NA																																												
240151531	NA	NA																																												
240151532	NA	NA																																												
240151533	NA	NA																																												
240151534	NA	NA																																												
240151535	NA	NA																																												
240151536	NA	NA																																												
240151537	NA	NA																																												
240151538	NA	NA																																												
240151540	NA	NA																																												
240151541	NA	NA																																												
240151554	NA	NA																																												
240151555	NA	NA																																												
240151578	NA	NA																																												
240151641	NA	NA																																												
240151720	NA	NA																																												
240151835	NA	NA																																												
240151935	NA	NA																																												
246151951	NA	NA																																												
259122308	NA	NA																																												
259122322	NA	NA																																												
259122326	NA	NA																																												
259122383	NA	NA																																												
259122441	NA	NA																																												
259122442	NA	NA																																												
259122480	NA	NA																																												
259122510	NA	NA																																												
259122676	NA	NA																																												
260114209	NA	NA																																												
262125803	NA	NA																																												
262125813	NA	NA																																												
262125814	NA	NA																																												
262125867	NA	NA																																												
262126004	NA	NA																																												
262126006	NA	NA																																												
262126008	NA	NA																																												
262126009	NA	NA																																												
262126010	NA	NA																																												
262126011	NA	NA																																												
262126036	NA	NA																																												
262126051	NA	NA																																												
262126071	NA	NA																																												
262126073	NA	NA																																												
262126119	NA	NA																																												
262126120	NA	NA																																												
262126127	NA	NA																																												
262126128	NA	NA																																												
263113811	NA	NA																																												
263113812	NA	NA																																												
263113815	NA	NA																																												
263113816	NA	NA																																												
263113817	NA	NA																																												
263113818	NA	NA																																												
263113819	NA	NA																																												
263113821	NA	NA																																												
263113822	NA	NA																																												
263113823	NA	NA																																												
263113841	NA	NA																																												
263113852	NA	NA																																												
263113890	NA	NA																																												
263113892	NA	NA																																												
263113893	NA	NA																																												
263114101	NA	NA																																												
263114102	NA	NA																																												
263114103	NA	NA																																												
263114104	NA	NA																																												
263114105	NA	NA																																												
263114106	NA	NA																																												
263114107	NA	NA																																												
263114108	NA	NA																																												
263114109	NA	NA																																												
263114110	NA	NA																																												
263114111	NA	NA																																												
263114112	NA	NA																																												
263114115	NA	NA																																												
263114116	NA	NA																																												
263114117	NA	NA																																												
263114118	NA	NA																																												
263114119	NA	NA																																												
263114120	NA	NA																																												
263114121	NA	NA																																												
263114122	NA	NA																																												
263114123	NA	NA																																												
263114124	NA	NA																																												
263114125	NA	NA																																												
263114140	NA	NA																																												
263114177	NA	NA																																												
263114178	NA	NA																																												
263114404	NA	NA																																												
263114405	NA	NA																																												
263114407	NA	NA																																												
263114408	NA	NA																																												
263114411	NA	NA																																												
263114412	NA	NA																																												
263114413	NA	NA																																												
263114415	NA	NA																																												
263114425	NA	NA																																												
263114442	NA	NA																																												
263114460	NA	NA																																												
263114461	NA	NA																																												
263114463	NA	NA																																												
263114464	NA	NA																																												
263114470	NA	NA																																												
263114476	NA	NA																																												
240151542	NA	NA																																												
2259122441	NA	NA																																												
232146912	263113852	263114442																																												
232146913	263113852	263114442																																												
232146914	263113852	263114442																																												
88004715	263113815	263114415																																												
88004720	263113815	263114415																																												
263114498	263113815	263114415																																												
263114500	263113815	263114415																																												
263114493	263114411	263114413																																												
263114492	263114120	263114413																																												
263114494	263114120	263114413																																												
212110212	NA	263114412																																												
212110213	239159759	263114412																																												
263114471	240150061	263114407																																												
263114472	240150061	263114407																																												
263114473	240150061	263114407																																												
263114474	240150056	263114405																																												
263114475	240150056	263114405																																												
263113879	NA	263114404																																												
263113837	259122308	263114119																																												
263114445	259122308	263114119																																												
263114447	259122308	263114119																																												
263114448	259122308	263114119																																												
263113839	240151835	263114119																																												
262125583	240151935	263114112																																												
262125589	240151935	263114112																																												
262125590	240151935	263114112																																												
262125591	240151935	263114112																																												
262125592	240151935	263114112																																												
262125593	240151935	263114112																																												
262125573	263114140	263114111																																												
262125574	263114140	263114111																																												
262125575	263114140	263114111																																												
262125576	263114140	263114111																																												
262125577	263114140	263114111																																												
262125578	263114140	263114111																																												
262125579	239160615	263114110																																												
262125580	222154155	263114110																																												
262125581	222154155	263114110																																												
262125582	222154155	263114110																																												
262125585	263114124	263114109																																												
262125586	263114124	263114109																																												
262125587	263114124	263114109																																												
262125584	239160732	263114109																																												
262125588	239160732	263114109																																												
263114195	NA	263114108																																												
263114196	NA	263114108																																												
263114197	263114125	263114108																																												
263114198	263114125	263114108																																												
263114199	263114125	263114108																																												
263114181	240134817	263114107																																												
263114179	239160336	263114107																																												
263114180	239160336	263114107																																												
263114182	239160336	263114107																																												
263114183	239160336	263114107																																												
263114185	NA	263114106																																												
263114184	263114123	263114106																																												
263114186	240134843	263114106																																												
263114187	240134843	263114106																																												
263114188	240134843	263114106																																												
263114191	240150347	263114105																																												
263114193	240150347	263114105																																												
263114194	240150347	263114105																																												
263114189	239160615	263114105																																												
263114190	239160615	263114105																																												
263114192	222154155	263114105																																												
263114167	240150692	263114104																																												
263114168	240150692	263114104																																												
263114169	240150692	263114104																																												
263114170	240150692	263114104																																												
263114171	240150692	263114104																																												
263114172	240150692	263114104																																												
263114165	NA	263114103																																												
263114166	263114123	263114103																																												
263114164	263114122	263114103																																												
263114155	263114122	263114102																																												
263114156	263114122	263114102																																												
263114158	263114122	263114102																																												
263114157	240134819	263114102																																												
263114141	NA	263114101																																												
263114142	263114117	263114101																																												
263114143	263114117	263114101																																												
263114144	263114117	263114101																																												
263114477	263113823	263113811																																												
263114478	263113823	263113811																																												
262126129	NA	262126127																																												
262126130	NA	262126127																																												
262126131	NA	262126127																																												
262126132	NA	262126127																																												
262126125	NA	262126119																																												
262126126	160120824	262126119																																												
262126107	NA	262126011																																												
262126115	NA	262126011																																												
262126118	160120584	262126011																																												
262126106	262126009	262126011																																												
262126109	239160641	262126011																																												
262126110	240150330	262126010																																												
262126117	240150330	262126010																																												
262126108	240150325	262126010																																												
262126116	240150325	262126010																																												
262126098	NA	262126008																																												
262126065	NA	262126006																																												
262126087	NA	262126006																																												
262126068	240150330	262126006																																												
262126085	160120824	262126006																																												
262126088	160120824	262126006																																												
262125900	262125813	262126004																																												
262126066	262125813	262126004																																												
262126067	262125813	262126004																																												
262126069	262125813	262126004																																												
262126086	262125813	262126004																																												
262126089	262125813	262126004																																												
88004716	NA	260114209																																												
88004717	263114177	260114209																																												
88004718	263114177	260114209																																												
88004719	263114177	260114209																																												
263114499	263114177	260114209																																												
259122519	NA	259122510																																												
259122520	NA	259122510																																												
259122521	NA	259122510																																												
259122522	NA	259122510																																												
262126030	262126120	259122510																																												
262126031	240150338	259122510																																												
263114467	263113812	259122326																																												
160119274	240150347	259122322																																												
263114200	240134843	259122322																																												
263114462	263113819	246151951																																												
263114465	263113819	246151951																																												
263114459	259122676	246151951																																												
263114149	263114125	240151720																																												
240134829	240150695	240151641																																												
240134828	240134897	240151641																																												
263114159	240134897	240151641																																												
263114160	240134897	240151641																																												
263114162	240134897	240151641																																												
263114163	240134897	240151641																																												
240134825	240134814	240151641																																												
240134826	240134814	240151641																																												
240134827	240134814	240151641																																												
263114161	239159375	240151641																																												
259122602	NA	240151533																																												
259122498	259122442	240151533																																												
259122500	259122442	240151533																																												
259122601	259122442	240151533																																												
259122497	240150325	240151533																																												
259122481	240151301	240151532																																												
259122482	240151301	240151532																																												
259122483	240150294	240151532																																												
259122485	NA	240151530																																												
259122487	NA	240151530																																												
262126050	NA	240151530																																												
262126052	NA	240151530																																												
259122484	259122441	240151530																																												
259122486	259122441	240151530																																												
259122488	259122441	240151530																																												
262126047	240150736	240151530																																												
259122489	240150676	240151529																																												
259122491	240150338	240151529																																												
259122490	240150315	240151529																																												
259122492	240150315	240151529																																												
259122467	222154542	240151526																																												
259122468	222154542	240151526																																												
259122469	222154542	240151526																																												
259122470	191123962	240151526																																												
259122471	160120820	240151526																																												
259122476	NA	240151525																																												
259122473	240151578	240151525																																												
259122474	240151578	240151525																																												
259122475	240150338	240151525																																												
259122472	240150315	240151525																																												
259122511	NA	240151523																																												
259122512	240150330	240151523																																												
259122513	240150330	240151523																																												
259122514	240150330	240151523																																												
259122430	240151278	240151517																																												
259122431	240151278	240151517																																												
259122432	240151278	240151517																																												
259122433	240151278	240151517																																												
259122434	240151278	240151517																																												
240151573	NA	240151516																																												
240151574	NA	240151516																																												
240151575	NA	240151516																																												
240151577	NA	240151516																																												
240151576	240151538	240151516																																												
240151596	240151537	240151516																																												
262125816	240150868	240151516																																												
262125817	240150296	240151516																																												
262125818	240150296	240151516																																												
262125823	240150296	240151516																																												
259122417	240151451	240151514																																												
259122418	240151451	240151514																																												
259122419	240151451	240151514																																												
259122420	240151451	240151514																																												
259122416	240150352	240151514																																												
259122422	240151537	240151512																																												
259122421	240151536	240151512																																												
259122423	240151536	240151512																																												
240151590	240151538	240151509																																												
240151591	240151538	240151509																																												
240151592	240151538	240151509																																												
240151593	240151538	240151509																																												
240151594	240151538	240151509																																												
240151600	240151538	240151509																																												
240151579	240151541	240151507																																												
240151580	240151541	240151507																																												
259122401	240151541	240151507																																												
240151561	191123955	240151505																																												
240151562	191123955	240151505																																												
240151563	191123955	240151505																																												
259122413	NA	240151504																																												
259122414	NA	240151504																																												
259122415	NA	240151504																																												
240151568	239159631	240151503																																												
240151569	239159631	240151503																																												
240151570	239159631	240151503																																												
240151571	239159631	240151503																																												
240151572	239159631	240151503																																												
259122402	240151542	240151502																																												
240151543	NA	240151501																																												
240151545	NA	240151501																																												
240151547	NA	240151501																																												
240151544	240151528	240151501																																												
240151546	240151528	240151501																																												
240151599	240151528	240151501																																												
240134877	240134897	240151418																																												
240134880	240134897	240151418																																												
240134876	239160336	240151418																																												
240134878	239160336	240151418																																												
240134879	239160336	240151418																																												
240134881	239160336	240151418																																												
259122436	240151531	240150945																																												
259122435	240151371	240150945																																												
259122439	240151371	240150945																																												
259122438	240151340	240150945																																												
259122437	191123955	240150945																																												
212110206	240151835	240150642																																												
212110204	160120693	240150642																																												
240151581	240150677	240150566																																												
240151582	240150677	240150566																																												
240151583	240150677	240150566																																												
240151584	240150677	240150566																																												
240151585	240150342	240150566																																												
240151595	240150342	240150566																																												
240134838	240150347	240150435																																												
240134842	240150347	240150435																																												
240134840	239160622	240150435																																												
240134841	239160622	240150435																																												
240134839	222154155	240150435																																												
259122452	240151555	240150429																																												
259122453	240151555	240150429																																												
259122454	240151555	240150429																																												
259122443	240150338	240150406																																												
259122444	160120825	240150406																																												
259122445	160120825	240150406																																												
259122446	160120825	240150406																																												
262126021	259122480	240150299																																												
262126037	259122480	240150299																																												
262126039	259122480	240150299																																												
262126022	191123955	240150299																																												
262126070	262125814	240150290																																												
262126072	240150297	240150290																																												
262126074	160120825	240150290																																												
262126048	259122441	240150282																																												
262126049	259122441	240150282																																												
262125868	NA	240150281																																												
262125869	NA	240150281																																												
262125887	NA	240150281																																												
262125889	NA	240150281																																												
262126023	NA	240150281																																												
262126024	262126036	240150280																																												
262125890	160120584	240150280																																												
262125892	160120584	240150280																																												
262126026	160120584	240150280																																												
262126044	160120584	240150280																																												
262126046	160120584	240150280																																												
262125876	240150868	240150275																																												
262125877	240150868	240150275																																												
262125891	240150294	240150275																																												
262126025	240150294	240150275																																												
262126045	240150294	240150275																																												
262125878	259122442	240150268																																												
262125861	259122442	240150268																																												
262125864	259122442	240150268																																												
262126027	259122442	240150268																																												
262126028	259122442	240150268																																												
262125819	NA	240150266																																												
262125820	240150298	240150266																																												
262125815	239159636	240150266																																												
262125822	239159636	240150266																																												
262125824	239159636	240150266																																												
262125806	240151451	240150265																																												
262125809	240151451	240150265																																												
262125805	240150352	240150265																																												
262125808	240150352	240150265																																												
262125804	NA	240150264																																												
262125807	240150338	240150264																																												
240151565	NA	240150120																																												
240151566	NA	240150120																																												
240151567	NA	240150120																																												
263114145	263114121	240150099																																												
263114146	263114121	240150099																																												
263114147	263114121	240150099																																												
263114148	263114121	240150099																																												
263113840	NA	240150093																																												
263113842	NA	240150093																																												
263113838	263114120	240150093																																												
263114450	263113815	240150093																																												
263114446	239160704	240150093																																												
263114449	239160704	240150093																																												
263114495	259122676	240150080																																												
263114496	259122676	240150080																																												
263114497	239160674	240150080																																												
263113891	263113816	240150077																																												
263113894	263113816	240150077																																												
263113895	263113816	240150077																																												
232146908	NA	240150068																																												
232146909	NA	240150068																																												
212110207	263113822	240150055																																												
212110209	263113822	240150055																																												
232146902	263113822	240150055																																												
232146903	263113822	240150055																																												
232146916	263113817	240150054																																												
212110201	259122308	240150054																																												
232146915	240150056	240150054																																												
263114490	NA	240150052																																												
263113898	239160704	240150052																																												
263114491	239160704	240150052																																												
263114174	263114124	240134820																																												
263114176	263114124	240134820																																												
262125434	240150695	240134820																																												
262125435	240150695	240134820																																												
262125436	240150695	240134820																																												
262125437	240150695	240134820																																												
262125438	240150695	240134820																																												
263114173	222154155	240134820																																												
263114175	222154155	240134820																																												
262125430	240134897	240134816																																												
262125431	240134897	240134816																																												
262125432	240134897	240134816																																												
262125433	240134817	240134816																																												
262125419	NA	240134815																																												
262125422	240150695	240134815																																												
262125420	240150694	240134815																																												
262125418	240134887	240134815																																												
262125417	222154155	240134815																																												
262125421	222154155	240134815																																												
160119275	160120139	240134815																																												
160119276	160120139	240134815																																												
160119277	160120139	240134815																																												
160119278	160120139	240134815																																												
160119279	160120139	240134815																																												
262125416	NA	240134812																																												
262125413	240134843	240134812																																												
262125414	240134843	240134812																																												
262125415	240134843	240134812																																												
240134894	240150694	240134811																																												
240134895	240150347	240134811																																												
240134896	240150347	240134811																																												
240134893	240134819	240134811																																												
240134892	160120139	240134811																																												
262125594	240134843	240134808																																												
262125595	240134843	240134808																																												
262125596	240134843	240134808																																												
262125597	240134843	240134808																																												
262125598	240134843	240134808																																												
240134873	NA	240134806																																												
240134874	NA	240134806																																												
240134872	240150347	240134806																																												
240134875	240150347	240134806																																												
263114150	240150347	240134806																																												
263114151	240150347	240134806																																												
263114152	240150347	240134806																																												
263114153	240150347	240134806																																												
263114154	240150347	240134806																																												
240134851	240150695	240134805																																												
240134852	240150695	240134805																																												
240134853	240150695	240134805																																												
240134854	240150695	240134805																																												
240134850	240134819	240134805																																												
240134855	240134819	240134805																																												
240134862	NA	240134804																																												
240134863	240134818	240134804																																												
240134864	240134818	240134804																																												
240134865	240134818	240134804																																												
263114133	263114116	240134803																																												
240134866	240150694	240134803																																												
240134869	240150694	240134803																																												
263114131	240150347	240134803																																												
240134867	239160615	240134803																																												
240134868	239160615	240134803																																												
240134870	239160615	240134803																																												
240134871	239160615	240134803																																												
263114130	239159375	240134803																																												
263114132	239159375	240134803																																												
263114134	239159375	240134803																																												
240134837	240134897	240134802																																												
240134833	240134817	240134802																																												
240134834	240134817	240134802																																												
240134835	239160614	240134802																																												
240134836	239160614	240134802																																												
240134856	NA	240134801																																												
240134857	NA	240134801																																												
240134858	NA	240134801																																												
240134859	NA	240134801																																												
240134860	NA	240134801																																												
240134861	NA	240134801																																												
263113878	263114408	239160931																																												
263113880	263113812	239160931																																												
212110208	NA	239160801																																												
232146904	NA	239160801																																												
212110210	263113821	239160801																																												
232146901	160120284	239160801																																												
262125407	NA	239160699																																												
262125411	NA	239160699																																												
262125412	NA	239160699																																												
262125408	240134843	239160699																																												
262125409	240134830	239160699																																												
262125410	240134830	239160699																																												
240134849	240134817	239160603																																												
240134844	239159375	239160603																																												
240134845	239159375	239160603																																												
240134846	239159375	239160603																																												
240134847	239159375	239160603																																												
240134848	239159375	239160603																																												
262126096	262125803	239160574																																												
262126097	259122441	239160574																																												
262125860	NA	239152851																																												
262125859	NA	239152851																																												
262125837	262125867	239152851																																												
262126012	262125867	239152851																																												
262126013	262125867	239152851																																												
262126014	262125867	239152851																																												
259122518	NA	239152301																																												
263114126	263114115	235120331																																												
263114127	263114115	235120331																																												
263114128	263114115	235120331																																												
263114129	263114115	235120331																																												
240134832	240134897	235120331																																												
240134831	239159375	235120331																																												
212110203	263114178	232173269																																												
212110202	263113818	232173269																																												
212110205	160120693	232173269																																												
240151556	NA	232173199																																												
240151559	NA	232173199																																												
240151557	240151541	232173199																																												
262125863	240151537	232173199																																												
262126029	240151537	232173199																																												
262125862	240150352	232173199																																												
262125865	240150352	232173199																																												
240151558	239159636	232173199																																												
240151560	232173449	232173199																																												
262125838	NA	222154848																																												
262126019	NA	222154848																																												
262125857	240151451	222154848																																												
262125839	239159631	222154848																																												
262125858	239159631	222154848																																												
262126020	239159631	222154848																																												
259122409	NA	222154531																																												
259122410	NA	222154531																																												
259122411	NA	222154531																																												
259122412	NA	222154531																																												
240151586	240150677	222154169																																												
240151587	240150677	222154169																																												
240151588	240150677	222154169																																												
240151589	222154542	222154169																																												
259122424	240151554	222154163																																												
259122425	240151554	222154163																																												
259122427	240151554	222154163																																												
259122428	240151554	222154163																																												
259122426	232173070	222154163																																												
240151597	NA	222153407																																												
240151564	240151540	222153407																																												
259122448	240150315	222153369																																												
259122450	240150315	222153369																																												
259122447	239159553	222153369																																												
259122449	239159553	222153369																																												
259122451	239159553	222153369																																												
259122499	239159553	222153369																																												
259122403	240151535	222153336																																												
259122404	240151535	222153336																																												
259122405	240151535	222153336																																												
259122406	240151535	222153336																																												
259122407	240151535	222153336																																												
259122408	240151535	222153336																																												
259122466	239159631	191123985																																												
262125428	160120139	185142392																																												
262125429	160120139	185142392																																												
263113896	NA	160120626																																												
263113897	NA	160120626																																												
263114488	NA	160120626																																												
263114489	NA	160120626																																												
259122493	240150736	160120373																																												
259122494	240150736	160120373																																												
259122495	240150310	160120373																																												
263114468	NA	160120226																																												
263114469	263114425	160120226																																												
263114466	240150058	160120226																																												
259122458	240151538	160120131																																												
259122456	240151534	160120131																																												
259122457	240151534	160120131																																												
259122459	240150677	160120131																																												
259122455	240150310	160120131																																												
259122460	232173070	160120131																																												
259122461	232173070	160120131																																												
240134889	240150695	160120104																																												
240134891	240150695	160120104																																												
240134888	240150692	160120104																																												
240134890	240134817	160120104																																												
240134899	240134817	160120104																																												
259122465	240151541	160120102																																												
259122462	239159636	160120102																																												
259122463	239159636	160120102																																												
259122464	239159636	160120102																																												
259122517	240151479	160118769																																												
259122516	240151340	160118769																																												
259122515	240150330	160118769																																												
